# callgrind format
version: 1
creator: callgrind-3.19.0
pid: 8422
cmd:  ./a.out
part: 1


desc: I1 cache: 
desc: D1 cache: 
desc: LL cache: 

desc: Timerange: Basic block 0 - 256024741
desc: Trigger: Program termination

positions: line
events: Ir
summary: 2074361845


ob=(5) /home/theo/Development/notes/Topics/tools/profiling/gprof/a.out
fl=(174) /home/theo/Development/notes/Topics/tools/profiling/gprof/main.c
fn=(674) complex_func
8 5
cob=(3) /usr/lib/x86_64-linux-gnu/libc.so.6
cfi=(175) ./gmon/../sysdeps/x86_64/_mcount.S
cfn=(670) mcount
calls=1 +20 
* 49
+1 2
cob=(3)
cfi=(148) ./malloc/./malloc/malloc.c
cfn=(680) malloc
calls=1 3281 
* 267
cob=(1) /usr/lib/x86_64-linux-gnu/ld-linux-x86-64.so.2
cfi=(142) ./elf/../sysdeps/x86_64/dl-trampoline.h
cfn=(510) _dl_runtime_resolve_xsave
calls=1 +67 
* 692
* 5
* 1
+1 2
+1 240000000
cob=(4) /usr/lib/x86_64-linux-gnu/libm.so.6
cfi=(178) ./math/./s_cexp_template.c
cfn=(690) cexpf
calls=10000000 +17 
* 1729940494
cob=(1)
cfi=(142)
cfn=(510)
calls=1 +65 
* 638
* 10000004
* 60000000
-1 30000002
+3 1
+1 3

fn=(668) main
16 4
cob=(3)
cfi=(175)
cfn=(670)
calls=1 +12 
* 29
+1 2
cfn=(674)
calls=1 -9 
* 2069942165
* 1
+1 2
+1 22000
cob=(3)
cfi=(186) ./stdio-common/./stdio-common/printf.c
cfn=(718) printf
calls=1000 +9 
* 4218739
cob=(1)
cfi=(142)
cfn=(510)
calls=1 +57 
* 660
* 1004
-1 3002
+3 3
cob=(3)
cfi=(148)
cfn=(804) free
calls=1 3350 
* 59
cob=(1)
cfi=(142)
cfn=(510)
calls=1 +55 
* 689
* 5
+1 1
+1 2

fl=(146) ???
fn=(648) 0x00000000000011f0
0 12

fn=(594) atexit
0 3
cob=(3)
cfi=(162) ./stdlib/./stdlib/cxa_atexit.c
cfn=(600) __cxa_atexit
calls=1 70 
0 70
cob=(1)
cfi=(142)
cfn=(510)
calls=1 76 
0 752
0 5

fn=(638) (below main)
0 11
cob=(3)
cfi=(169) ./csu/../csu/libc-start.c
cfn=(640) __libc_start_main@@GLIBC_2.34
calls=1 242 
0 2074190717

fn=(826) 0x00000000000011b0
0 9
cob=(2) ???
cfi=(52) ???
cfn=(832) 0x00000000001090a0
calls=1 0 
0 576

fn=(536) __gmon_start__
0 16
cob=(3)
cfi=(147) ./gmon/./gmon/gmon.c
cfn=(544) monstartup
calls=1 137 
0 11265
cob=(1)
cfi=(142)
cfn=(510)
calls=1 76 
0 712
0 5
0 3
cfn=(594)
calls=1 0 
0 830

ob=(1)
fl=(30) ./string/../sysdeps/x86_64/multiarch/memmove-vec-unaligned-erms.S
fn=(136) mempcpy
206 102
+1 102
+1 102
+17 102
+1 102
+2 19
+1 19
+1 19
+2 18
+1 18
+1 18
+2 18
+80 83
+1 83
+2 21
+4 21
+1 10
+1 10
+1 2
+1 2
+1 2
+1 2
+2 2
+2 10
+6 11
+1 11
+1 11
+1 11
+1 11
+29 62
+1 62
+1 62
+1 62
+1 62
+7 1
+1 1
+1 1
+1 1
+1 1
+1 1
+1 1
+11 1
+1 1
+2 1
+1 1
+1 1

fn=(86) memcpy
219 23
+6 23
+1 23
+2 17
+1 17
+1 17
+2 10
+1 10
+1 10
+2 10
+80 6
+1 6
+2 1
+4 1
+1 1
+1 1
+1 1
+1 1
+4 1
+2 1
+39 5
+1 5
+1 5
+1 5
+1 5
+7 6
+1 6
+1 6
+1 6
+1 6
+1 6
+1 6
+11 7
+1 7
+2 7
+1 7
+1 7
+2 1
+1 1
+1 1
+1 1
+1 1
+1 1
+1 1
+1 1
+1 1
+1 1
+1 1
+1 1
+1 1
+1 1
+1 1

fl=(118) ./misc/../sysdeps/unix/syscall-template.S
fn=(410) mprotect
117 20
+5 5

fn=(524) munmap
117 4
+5 1

fl=(67) ./elf/./elf/dl-deps.c
fn=(220) _dl_map_object_deps
143 4
+1 2
-1 2
+1 1
-1 1
+1 1
-1 1
+1 1
-1 5
+1 1
-8 1
+8 2
-8 1
-6 1
+6 1
-8 1
+16 1
-15 1
+1 1
+6 1
+24 4
-28 2
-2 1
+31 1
-33 2
+2 2
+30 2
-30 1
-1 4
+7 4
+24 2
-32 1
+60 1
-60 2
+54 1
+46 1
-64 1
fi=(74) ./elf/../include/scratch_buffer.h
-87 2
fe=(67)
+87 1
fi=(74)
-86 1
fe=(67)
184 1
+44 4
-31 1
-4 1
+4 6
-4 4
+4 8
+11 14
-18 2
+18 4
417 10
+2 3
+3 3
-3 9
+3 6
fi=(29) ./elf/../include/rtld-malloc.h
56 3
cfi=(28) ./elf/./elf/dl-minimal-malloc.c
cfn=(82) __minimal_malloc
calls=3 -21 
* 72
fe=(67)
423 9
fi=(29)
56 3
fe=(67)
423 3
+6 3
+1 15
cfi=(30)
cfn=(86)
calls=3 219 
* 30
+1 18
cfi=(30)
cfn=(86)
calls=3 219 
* 30
+4 3
-1 3
+5 15
188 8
+22 12
+8 3
-3 3
+1 3
+2 3
+3 3
-4 3
+4 9
-31 3
+31 3
-31 18
+42 10
-2 5
+2 10
cfi=(53) ./elf/./elf/dl-error-skeleton.c
cfn=(178) _dl_catch_exception
calls=5 -57 
* 15993
* 5
+1 10
+9 5
+2 10
+5 3
+6 3
+2 3
-8 6
+3 3
+1 3
+1 3
+1 3
+4 15
+4 15
+1 9
-43 332
+1 166
+6 20
cfi=(31) ./elf/./elf/dl-load.c
cfn=(152) _dl_dst_count
calls=5 +10 
* 248
* 25
+38 234
-45 15
fi=(74)
85 3
fe=(67)
448 5
+4 4
+11 5
fi=(29)
56 1
cfi=(28)
cfn=(82)
calls=1 -21 
* 24
fe=(67)
465 3
fi=(29)
56 1
fe=(67)
465 1
+5 1
+2 1
-2 1
+1 1
+3 1
-4 2
+4 1
+4 15
+7 5
-2 5
+2 5
-2 5
+2 5
+5 5
-16 15
+21 3
+37 2
+15 1
-11 1
+11 1
-14 2
+20 1
-1 4
+1 4
-1 5
cfi=(13) ./elf/./elf/dl-sort-maps.c
cfn=(252) _dl_sort_maps
calls=1 304 
* 331
+5 1
+2 1
+1 1
+1 1
-2 1
+2 2
+7 3
+3 2
+3 8
442 12
-1 5
+1 10
183 6
449 2
198 37
+3 3
fi=(74)
-70 9
cfi=(73) ./malloc/./malloc/scratch_buffer_set_array_size.c
cfn=(248) __libc_scratch_buffer_set_array_size
calls=3 30 
* 57
fe=(67)
+70 6
+4 6
547 4
cfi=(30)
cfn=(86)
calls=1 219 
* 18
* 3

fn=(222) openaux
61 10
+7 5
-4 10
+1 5
-1 40
cfi=(31)
cfn=(184) _dl_map_object
calls=5 1971 
* 15658
* 5
+5 10

fl=(13)
fn=(26) _dl_sort_maps_init
295 1
+1 4
cfi=(11) ./elf/./elf/dl-tunables.c
cfn=(28) __tunable_get_val
calls=1 408 
* 19
+2 3
-1 1
+2 2

fn=(252)
304 22
+8 2
-8 2
+8 4
+4 16
216 2
-28 2
-2 2
+1 4
+29 2
-28 8
+1 2
-1 2
+1 2
-1 4
+1 8
-1 8
+1 8
-1 16
+28 2
+8 2
-1 2
+1 2
-8 10
+8 4
-8 2
+8 2
-3 4
+5 26
+2 10
-83 50
cfn=(254) dfs_traversal.part.0
calls=10 -5 
* 385
+86 30
+18 8
+13 2
+54 2
-47 8
cfi=(30)
cfn=(86)
calls=2 -50 
* 36
+13 8

fn=(254)
140 80
+10 10
-2 10
+2 20
+2 28
-7 34
+7 68
+9 20
+15 30
+1 10
+1 60
-17 15

fl=(23) ./string/../sysdeps/x86_64/multiarch/../multiarch/strlen-sse2.S
fn=(66) strlen
101 25
+1 25
+1 25
+1 25
+1 25
+1 25
+1 25
+2 25
+2 25
+31 25
+1 25
+1 25
+1 25
+1 25
+1 11
+2 11
+4 14
+1 14
+1 14
+1 14
+1 14
+1 14
+1 14
+1 14
+1 14
+1 14
+1 14
+1 14
+5 110
+74 1
+1 1
+1 1
+1 1
+1 1
+1 1
+1 1
+1 1
+16 1
+2 1
+1 14
+2 1
+1 1
+1 1
+2 1

fl=(20) ./elf/../sysdeps/x86/dl-cacheinfo.h
fn=(56) get_common_cache_info.constprop.0
481 2
+16 1
-16 1
+19 1
+8 1
-27 3
+15 1
-15 3
+17 1
+1 1
-1 1
+13 2
-5 1
+17 1
+5 3
+4 2
680 4
+1 5
+4 2
+7 1
+3 1
-2 1
+2 1
-1 1
+1 5
537 5
+3 1
-3 1
+3 8
+6 2
-6 9
+6 6
+4 26
+14 2
+4 1
+3 1
+1 1
-4 2
+3 3
+6 2
-37 6
+7 8
+8 2
+4 1
+1 1
-1 2
+18 2
-69 8
+75 4
+8 7
+2 2
-2 1
+6 3
+3 1
+1 5
-4 3
+21 2
-21 4
+3 1
+1 4
-4 1
+6 4
+3 2
+5 1
+2 2
+1 1
+1 1
-2 2
+1 2
-19 5
+46 3
+1 2
+1 2
+2 2
-1 3
-23 2
-7 1
+11 2
+3 1
+2 4
+1 1
+5 2

fn=(50) handle_intel.constprop.0
255 24
-5 12
+22 12
-22 84
+13 12
+1 12
+8 12
+7 12
-7 24
+8 12
-1 12
+1 48
+9 60
cfn=(52) intel_check_word.constprop.0
calls=12 123 
* 1215
+2 24
+3 5
cfn=(52)
calls=1 123 
* 20
+2 2
+3 5
cfn=(52)
calls=1 123 
* 265
+2 2
-35 4
+18 60
cfn=(52)
calls=12 123 
* 4032
+2 24
+24 96
-5 3

fn=(52)
123 78
-4 78
+10 104
-10 26
+10 52
+2 52
+71 50
fi=(21) ./elf/../bits/stdlib-bsearch.h
32 25
fe=(20)
202 125
-71 102
+2 63
+2 126
+8 126
+51 102
+22 51
fi=(21)
28 51
-1 102
+2 228
+2 178
+1 89
fe=(20)
+78 178
+3 345
fi=(21)
-82 282
-2 564
+2 512
+1 256
fe=(20)
+78 512
+15 15
246 104
fi=(21)
37 126
fe=(20)
155 36
+3 36
-6 12
+3 24
+9 24
+1 24
+22 21
-32 63
+3 63
+4 64
+2 128
+3 84
+1 50
+1 38
+1 24
+2 11
+2 22
+6 14
+3 8
+1 12
-3 12
-5 4
+2 4
+1 4
-2 4
-1 4
+2 8
-2 4
+3 4
-2 12
+2 12

fl=(77) ./elf/./elf/dl-reloc.c
fn=(280) _dl_relocate_object
207 50
+14 5
-14 5
+16 5
-16 5
+16 5
+3 5
-1 5
+1 10
+19 10
+6 20
-34 10
+38 10
+7 20
fi=(5) ./elf/../sysdeps/x86_64/dl-machine.h
72 18
+6 12
+4 9
+6 3
+10 6
+20 6
+8 3
fi=(4) ./elf/../sysdeps/generic/ldsodefs.h
-45 3
fe=(77)
301 6
fi=(4)
81 6
fe=(77)
301 6
fi=(4)
81 2
fe=(77)
301 4
fi=(4)
81 4
fe=(77)
301 11215
fi=(4)
81 2
fe=(77)
301 2
fi=(4)
81 4
fe=(77)
301 221
186 12
+32 3
-32 3
+32 6
fi=(6) ./elf/./elf/do-rel.h
49 3
fe=(77)
301 3
fi=(6)
50 3
-1 6
+4 3
-3 3
+3 3
-3 3
+3 12
+27 9
fe=(77)
301 2
186 8
+32 2
-32 2
+32 4
fi=(6)
49 2
fe=(77)
301 2
fi=(6)
50 2
-1 4
+4 2
-3 2
+3 2
-3 2
+3 8
+27 6
-31 5
fe=(77)
301 5
fi=(6)
50 5
-1 10
+4 5
-3 5
+3 5
-3 5
+3 20
+27 15
-7 3
-1 3
+11 21
fi=(5)
498 62
+4 62
+3 93
+1 31
fi=(6)
83 93
+2 352
+2 171
-4 171
+13 15
+1 12
+1 114
fi=(5)
498 57
+35 57
-1 114
-34 57
+35 114
+1 57
cob=(4)
cfi=(123) ./math/../sysdeps/x86_64/fpu/multiarch/ifunc-fma4.h
cfn=(462) sincos
calls=1 31 
* 7
cob=(4)
cfi=(120) ./math/../sysdeps/x86_64/fpu/multiarch/ifunc-avx-fma4.h
cfn=(458) sin
calls=1 32 
* 8
cob=(4)
cfi=(120)
cfn=(454) __atan2_finite@GLIBC_2.15
calls=1 32 
* 8
cob=(4)
cfi=(119) ./math/../sysdeps/x86_64/fpu/multiarch/ifunc-fma.h
cfn=(452) exp2f@@GLIBC_2.27
calls=1 29 
* 8
cob=(4)
cfi=(123)
cfn=(448) __asin_finite@GLIBC_2.15
calls=1 31 
* 7
cob=(4)
cfi=(126) ./math/../sysdeps/x86_64/fpu/multiarch/s_fma.c
cfn=(446) fma
calls=1 49 
* 5
cob=(4)
cfi=(119)
cfn=(444) sinf
calls=1 29 
* 8
cob=(4)
cfi=(123)
cfn=(442) __acos_finite@GLIBC_2.15
calls=1 31 
* 7
cob=(4)
cfi=(120)
cfn=(438) __log_finite@GLIBC_2.15
calls=1 32 
* 8
cob=(4)
cfi=(119)
cfn=(436) log2f@@GLIBC_2.27
calls=1 29 
* 8
cob=(4)
cfi=(123)
cfn=(432) __pow_finite@GLIBC_2.15
calls=1 31 
* 7
cob=(4)
cfi=(119)
cfn=(430) powf@@GLIBC_2.27
calls=1 29 
* 8
cob=(4)
cfi=(119)
cfn=(428) sincosf
calls=1 29 
* 8
cob=(4)
cfi=(119)
cfn=(426) logf@@GLIBC_2.27
calls=1 29 
* 8
cob=(4)
cfi=(120)
cfn=(422) cos
calls=1 32 
* 8
cob=(4)
cfi=(119)
cfn=(420) expf@@GLIBC_2.27
calls=1 29 
* 8
cob=(4)
cfi=(120)
cfn=(416) __exp_finite@GLIBC_2.15
calls=1 32 
* 8
cob=(4)
cfi=(119)
cfn=(414) cosf
calls=1 29 
* 8
cob=(3)
cfi=(116) ./string/../sysdeps/x86_64/multiarch/ifunc-evex.h
cfn=(406) rawmemchr
calls=1 38 
* 22
cob=(3)
cfi=(100) ./string/../sysdeps/x86_64/multiarch/ifunc-strcasecmp.h
cfn=(402) strncasecmp
calls=1 37 
* 20
cob=(3)
cfi=(91) ./string/../sysdeps/x86_64/multiarch/ifunc-memmove.h
cfn=(400) mempcpy
calls=1 57 
* 21
cob=(3)
cfi=(85) ./string/../sysdeps/x86_64/multiarch/ifunc-sse4_2.h
cfn=(398) strspn
calls=1 36 
* 6
cob=(3)
cfi=(116)
cfn=(396) memchr
calls=1 38 
* 22
cob=(3)
cfi=(91)
cfn=(394) memmove
calls=1 57 
* 21
cob=(3)
cfi=(103) ./string/../sysdeps/x86_64/multiarch/ifunc-strcpy.h
cfn=(390) stpcpy
calls=1 38 
* 16
cob=(3)
cfi=(114) ./wcsmbs/../sysdeps/x86_64/multiarch/ifunc-memcmp.h
cfn=(388) wmemcmp
calls=1 34 
* 23
cob=(3)
cfi=(97) ./string/../sysdeps/x86_64/multiarch/ifunc-strncpy.h
cfn=(386) strncpy
calls=1 35 
* 18
cob=(3)
cfi=(83) ./string/../sysdeps/x86_64/multiarch/ifunc-avx2.h
cfn=(382) strlen
calls=1 40 
* 24
cob=(3)
cfi=(100)
cfn=(378) strcasecmp_l
calls=1 37 
* 20
cob=(3)
cfi=(103)
cfn=(374) strcpy
calls=1 38 
* 16
cob=(3)
cfi=(83)
cfn=(370) strchrnul
calls=1 40 
* 24
cob=(3)
cfi=(83)
cfn=(366) memrchr
calls=1 40 
* 24
cob=(3)
cfi=(107) ./wcsmbs/../sysdeps/x86_64/multiarch/ifunc-wmemset.h
cfn=(362) wmemset
calls=2 36 
* 18
cob=(3)
cfi=(106) ./string/../sysdeps/x86_64/multiarch/ifunc-memcmp.h
cfn=(360) bcmp
calls=1 34 
* 23
cob=(3)
cfi=(100)
cfn=(356) strncasecmp_l
calls=1 37 
* 20
cob=(3)
cfi=(103)
cfn=(352) strcat
calls=1 38 
* 16
cob=(3)
cfi=(102) ./wcsmbs/../sysdeps/x86_64/multiarch/wcscpy.c
cfn=(350) wcscpy
calls=1 38 
* 6
cob=(3)
cfi=(85)
cfn=(348) strcspn
calls=1 36 
* 6
cob=(3)
cfi=(100)
cfn=(344) strcasecmp
calls=1 37 
* 20
cob=(3)
cfi=(99) ./string/../sysdeps/x86_64/multiarch/strncmp.c
cfn=(342) strncmp
calls=1 44 
* 20
cob=(3)
cfi=(98) ./wcsmbs/../sysdeps/x86_64/multiarch/ifunc-evex.h
cfn=(340) wmemchr
calls=2 38 
* 44
cob=(3)
cfi=(97)
cfn=(338) stpncpy
calls=1 35 
* 18
cob=(3)
cfi=(92) ./wcsmbs/../sysdeps/x86_64/multiarch/ifunc-avx2.h
cfn=(334) wcscmp
calls=1 40 
* 24
cob=(3)
cfi=(83)
cfn=(330) rindex
calls=1 40 
* 24
cob=(3)
cfi=(94) ./string/../sysdeps/x86_64/multiarch/strchr.c
cfn=(328) index
calls=1 43 
* 18
cob=(3)
cfi=(92)
cfn=(324) wcschr
calls=2 40 
* 48
cob=(3)
cfi=(91)
cfn=(322) memcpy@@GLIBC_2.14
calls=1 57 
* 21
cob=(3)
cfi=(87) ./wcsmbs/../sysdeps/x86_64/multiarch/ifunc-wcslen.h
cfn=(318) wcslen
calls=1 41 
* 18
cob=(3)
cfi=(89) ./string/../sysdeps/x86_64/multiarch/ifunc-memset.h
cfn=(316) memset
calls=1 54 
* 23
cob=(3)
cfi=(87)
cfn=(312) wcsnlen
calls=1 41 
* 18
cob=(3)
cfi=(86) ./string/../sysdeps/x86_64/multiarch/strcmp.c
cfn=(310) strcmp
calls=1 48 
* 18
cob=(3)
cfi=(85)
cfn=(308) strpbrk
calls=1 36 
* 6
cob=(3)
cfi=(83)
cfn=(304) strnlen
calls=2 40 
* 48
fi=(6)
97 57
fi=(5)
535 57
fi=(6)
97 118
fe=(77)
301 40
fi=(6)
51 5
fi=(4)
+30 15
fe=(77)
304 30
+24 5
+3 10
+17 10
-96 10
fi=(6)
114 21
+9 12
+1 2
fi=(5)
482 2
fi=(6)
124 2
fi=(5)
482 4
fi=(6)
124 4
fi=(5)
482 4
fi=(6)
124 4
fi=(5)
482 8
+5 12
+1 6
fi=(6)
123 6
fi=(5)
488 6
-5 6
fi=(6)
123 12
+3 21
+3 20
+2 15
-59 4
fe=(77)
182 4
fi=(6)
73 4
fe=(77)
182 16
fi=(6)
-49 8
+1 4
+1 4
-2 4
+2 4
+3 4
-5 4
+2 4
-2 4
+1 8
+2 4
-2 4
+2 12
+2 8
-5 210
+1 105
+1 105
-2 105
+2 105
+3 105
-5 105
+2 105
-2 105
+1 210
+2 105
-2 105
+2 315
+2 210
+9 107
fi=(5)
253 214
+7 214
+4 214
fe=(77)
-94 428
fi=(4)
-28 273
fe=(77)
+29 182
+3 525
+8 415
+4 166
-3 83
+1 83
+2 334
-3 1
+1 1
+2 88
+1 84
-1 84
+2 504
+2 504
cfi=(78) ./elf/./elf/dl-lookup.c
cfn=(288) _dl_lookup_symbol_x
calls=84 756 
* 48103
+3 84
+1 168
-4 84
+4 420
fi=(5)
+79 360
+3 87
-3 277
+3 103
-3 103
+3 206
+1 206
+1 206
+25 642
407 24
fi=(6)
150 24
fi=(5)
407 162
fi=(6)
150 279
-19 436
+32 24
+1 16
+1 6
+3 4
+4 2
-2 2
+1 2
-3 2
+2 2
+2 2
-2 12
fi=(5)
273 2
+3 2
-3 2
+4 4
461 2
-1 4
+1 4
+1 2
cfi=(16) ./elf/../sysdeps/x86/dl-get-cpu-features.c
cfn=(490) __x86_cpu_features
calls=1 39 
* 5
cob=(3)
cfi=(81) ./string/../sysdeps/x86/cacheinfo.h
cfn=(300) __x86_cacheinfo
calls=1 61 
* 27
fi=(6)
164 2
fi=(5)
463 2
fi=(6)
164 10
-13 12
fi=(5)
384 54
+2 72
+4 18
+9 18
-9 36
+9 18
fi=(6)
150 36
fi=(5)
273 80
fi=(6)
140 10
+3 2
fi=(5)
273 10
fe=(77)
-98 21
+3 7
-1 7
+19 7
-18 14
349 10
cfn=(408) _dl_protect_relro
calls=5 +7 
* 120
+1 40
175 28
fi=(5)
-52 12
-2 6
fe=(77)
301 3
fi=(6)
179 2
73 2
179 9
+2 2
+1 2
-1 1
+3 1
-3 4
+3 2
-3 10
+1 10
-1 5
+3 5
-3 20
+3 10
+8 6
fi=(5)
+61 12
+7 12
+4 12
fe=(77)
-94 24
fi=(4)
-28 18
fe=(77)
+29 12
+3 36
+8 30
+4 12
-3 6
+1 6
+2 36
+4 30
-4 6
+4 12
cfi=(78)
cfn=(288)
calls=6 756 
* 3091
+3 6
+1 12
-4 6
+4 30
fi=(5)
+79 21
+3 3
-3 9
+3 3
-3 3
+3 6
+1 6
+1 6
+25 36
407 6
fi=(6)
195 18
-16 24
+30 6
fe=(77)

fn=(408)
356 5
-1 10
+1 20
+3 5
-3 5
+3 5
+4 10
+7 10
-6 15
cfi=(118)
cfn=(410)
calls=5 117 
* 25
* 10

fl=(24) ./elf/../misc/sbrk.c
fn=(68) sbrk
37 4
+3 1
+18 2
+4 2
+16 5

fl=(47) ./elf/./elf/dl-debug.c
fn=(196) _dl_debug_update
41 4
-1 8
+4 8
+4 4

fn=(162) _dl_debug_state
117 2

fn=(156) _dl_debug_initialize
56 1
+3 2
+4 1
+22 1
+10 1
-32 2
+1 1
+21 2
+5 2
+1 1
+4 1
-4 1
-1 1
+2 1
+3 1
+4 2
+8 2
-50 3
+39 6

fl=(48) ./elf/../elf/dl-tls.c
fn=(246) _dl_assign_tls_modid
131 1
+3 1
+13 1
-13 1
+53 1
+2 1
+3 1
+1 2

fn=(274) allocate_dtv
366 1
fi=(29)
44 1
fe=(48)
366 3
+5 1
+4 1
+1 1
fi=(29)
44 1
cfi=(28)
cfn=(78) __minimal_calloc
calls=1 +38 
* 34
fe=(48)
377 2
+3 1
+6 3
+6 4

fn=(466) _dl_allocate_tls_init
529 9
+1 2
+4 1
+6 1
-6 1
+6 1
cfi=(25) ./elf/../sysdeps/nptl/dl-tls_init_tp.c
cfn=(92) rtld_mutex_dummy
calls=1 44 
* 2
+3 3
+12 1
-18 1
+42 3
-19 12
+9 3
+1 2
+6 3
+3 1
-2 1
+2 1
-2 1
+2 4
+4 1
-4 1
+4 1
-1 2
+4 2
+1 4
+2 2
+1 2
+17 1
-8 1
+8 1
+2 3
cfi=(30)
cfn=(136)
calls=1 206 
* 12
* 5
cfi=(45) ./string/../sysdeps/x86_64/multiarch/../multiarch/memset-vec-unaligned-erms.S
cfn=(140) memset
calls=1 141 
* 24
+6 1
-55 4
+6 5
+55 2
cfi=(25)
cfn=(92)
calls=1 44 
* 2
+3 2
+3 9

fn=(270) _dl_determine_tlsoffset
222 7
+6 3
+3 2
+36 3
+2 1
-2 1
-2 1
-40 1
-1 1
-1 1
+46 2
+23 3
+3 1
-3 5
+2 2
-2 1
-25 1
+20 1
-20 5
+2 2
+3 1
-1 1
+5 2
-5 1
+1 1
-1 1
+3 2
+2 3
+32 2
-1 1
+53 1
-52 5
+2 2
+51 8

fn=(158) _dl_count_modids
200 2
+1 1
+15 2

fn=(412) _dl_add_to_slotinfo
1016 7
+6 1
+3 1
+1 1
+4 3
+34 2
+3 3
+1 3
+3 6

fn=(272) _dl_allocate_tls_storage
423 1
+2 1
-2 1
+13 1
-13 1
+14 1
fi=(29)
56 1
cfi=(28)
cfn=(82)
calls=1 -21 
* 51
fe=(48)
438 2
+8 5
+5 1
-5 1
+1 1
+4 304
+19 1
+2 2
cfn=(274)
calls=1 366 
* 53
+1 2
+3 4

fn=(268) _dl_tls_static_surplus_init
97 1
+4 1
-4 2
+4 1
-4 2
+4 3
cfi=(11)
cfn=(28)
calls=1 408 
* 20
* 1
+1 4
cfi=(11)
cfn=(28)
calls=1 408 
* 20
+6 1
+2 1
-8 1
+6 2
+2 3
+3 1
+2 1
-32 3
+34 3
+1 5

fl=(27) ./elf/./elf/dl-object.c
fn=(90) _dl_add_to_namespace_list
31 4
+2 4
-2 8
+2 4
-2 8
+2 4
cfi=(25)
cfn=(92)
calls=4 +11 
* 8
+2 35
+3 36
+2 3
+2 3
+4 3
+4 3
-4 6
+1 6
+1 3
+3 3
-3 3
+3 6
-1 3
cfi=(25)
cfn=(92)
calls=3 -6 
* 6
-4 1
+4 1
-4 2
+1 2
+1 1
+3 1
-3 1
+3 2
-1 1
cfi=(25)
cfn=(92)
calls=1 -6 
* 2
-5 2

fn=(76) _dl_new_object
59 52
+3 8
+21 3
-3 3
+3 3
cfi=(23)
cfn=(66)
calls=3 +18 
* 66
+4 6
-4 3
+9 3
-9 9
fi=(29)
-39 6
cfi=(28)
cfn=(78)
calls=3 +38 
* 129
fe=(27)
+39 1
fi=(29)
-39 2
cfi=(28)
cfn=(78)
calls=1 +38 
* 40
* 4
fe=(27)
+51 8
+5 4
+4 4
-6 4
+2 4
+4 4
-5 4
+4 4
+1 4
-1 4
+1 8
cfi=(30)
cfn=(86)
calls=4 219 
* 51
* 8
+2 4
+13 8
+6 1
+2 7
+3 2
-3 21
+3 6
+2 4
+4 4
+3 14
fi=(4)
1339 3
fe=(27)
139 2
+2 1
-2 2
fi=(4)
1339 45
fe=(27)
139 30
+2 15
-2 30
+16 8
-5 4
+5 4
-6 4
+30 4
-24 4
-6 4
+6 8
+2 6
+3 6
-3 6
+7 12
+4 6
+8 1
+3 1
+10 3
-10 3
+10 9
+2 3
+21 3
-21 3
cfi=(23)
cfn=(66)
calls=3 -90 
* 102
* 9
+17 3
-13 9
+50 9
cfi=(30)
cfn=(136)
calls=3 -39 
* 44
* 3
+5 6
+1 6
-1 100
+1 100
+2 6
+3 3
+3 3
+4 36
131 8
-8 3
-4 6
+34 1
+7 4
+8 12
fi=(29)
56 6
cfi=(28)
cfn=(82)
calls=3 -21 
* 72
* 3
fe=(27)
200 12
64 2
+2 3
+1 2
+4 6
+6 2

fl=(53)
fn=(174) _dl_catch_error
225 9
+2 2
cfn=(178)
calls=1 -52 
* 2388
* 1
+1 2
+1 1
+1 1
-1 1
+1 1
+2 5

fn=(256) _dl_receive_error
238 5
+1 1
+1 1
+3 1
+1 1
+2 1
cfi=(2) ./elf/./elf/rtld.c
cfn=(258) version_check_doit
calls=1 677 
* 7548
+2 1
+1 1
+1 4

fn=(178)
175 6
+5 6
-5 18
+5 6
-2 12
+21 6
+7 12
-7 6
+1 12
+3 12
+3 6
cfi=(54) ./setjmp/../sysdeps/x86_64/setjmp.S
cfn=(180) __sigsetjmp
calls=6 32 
* 114
* 12
+2 18
cfi=(67)
cfn=(222)
calls=5 61 
* 15743
cfi=(2)
cfn=(182) map_doit
calls=1 644 
* 2338
+2 6
-1 6
+1 6
-1 6
+1 12
-25 6
+34 12

fl=(51) ./string/../string/strcspn.c
fn=(168) strcspn
32 3
+1 3
+1 2
+5 6
+1 4
+1 4
+1 4
+2 1
+3 3
+1 2
-1 6
+1 4
+3 4
+1 4
+1 4
+1 4
+2 3
+6 1
-1 1
+1 1
+2 2
-1 2
+2 1
+2 6
-5 12
-1 12
+1 12
+2 24
-1 24
+2 12
+2 72
+2 1
+1 4
+1 3

fl=(26) ./elf/./elf/dl-environ.c
fn=(74) _dl_next_ld_env_entry
29 3
+3 65
+13 55
-13 110
+2 114
+1 18
+5 2
-3 2
+3 2
+2 2
+7 1

fl=(69) ./elf/./elf/dl-cache.c
fn=(240) _dl_cache_libcmp
367 20
+1 69
+4 102
-2 102
+2 102
-2 204
+20 198
+2 198
-24 82
+28 82
+1 82
-29 164
+32 9
-28 6
+8 3
-2 6
+1 6
+1 6
-2 3
+2 3
+2 9
-3 3
+3 3
+2 6
+9 51

fn=(230) _dl_load_cache_lookup
413 10
+2 4
+3 6
+69 3
+5 6
+3 10
cfn=(236) search_cache
calls=2 206 
* 2268
* 2
+15 4
+4 4
+8 4
cfi=(23)
cfn=(66)
calls=2 101 
* 68
+2 2
-2 2
+1 10
+1 2
cfi=(30)
cfn=(86)
calls=2 219 
* 20
* 2
+1 2
cfi=(46) ./string/./string/strdup.c
cfn=(154) strdup
calls=2 40 
* 170
+1 6
421 5
cfi=(55) ./elf/./elf/dl-misc.c
cfn=(232) _dl_sysdep_read_whole_file
calls=1 36 
* 83
* 1
+8 6
+1 8
+3 3
+1 1
-1 3
fi=(70) ./elf/../sysdeps/generic/dl-cache.h
194 1
+1 5
fe=(69)
441 1
+1 2

fn=(522) _dl_unload_cache
536 4
-1 1
+3 2
cfi=(118)
cfn=(524)
calls=1 117 
* 5
+1 1
+4 1
+2 2

fn=(236)
206 18
+2 2
-2 8
fi=(71) ./elf/../sysdeps/x86/dl-procinfo.h
39 4
+3 6
cfi=(33) ./string/../sysdeps/x86_64/multiarch/../multiarch/strcmp-sse2.S
cfn=(98) strcmp
calls=2 +89 
* 130
* 8
fe=(69)
211 10
cfi=(11)
cfn=(28)
calls=2 408 
* 40
* 2
+17 4
-12 4
+15 2
-15 8
359 8
228 16
+2 85
+1 17
-37 34
+37 17
+4 34
+4 51
cfn=(240)
calls=17 367 
* 1230
+1 34
356 15
+1 7
228 14
+8 22
+14 6
+3 6
+2 12
cfn=(240)
calls=3 367 
* 289
* 6
+2 1
-9 6
-35 6
+1 2
-1 16
+1 2
-1 16
+54 4
+10 4
+1 6
+7 4
fi=(70)
125 10
fe=(69)
294 4
+9 4
+3 4
+5 2
+1 6
+28 4
+23 18

fl=(65) ./io/../sysdeps/unix/sysv/linux/close_nocancel.c
fn=(214) __GI___close_nocancel
26 16
+1 4

fl=(54)
fn=(180)
32 6
+9 6
+1 12
+1 6
+4 6
+1 6
+1 6
+1 6
+1 6
+2 12
+2 6
+1 6
+3 12
+2 6
+19 6
+1 6

fl=(142)
fn=(510)
76 9
+3 9
+2 9
+10 9
+6 9
+1 9
+1 9
+1 9
+1 9
+1 9
+1 9
+4 9
+1 9
+3 9
+1 9
+2 9
+1 9
+1 9
+1 9
+1 9
+1 9
+2 9
+7 9
+1 9
+1 9
cfi=(143) ./elf/./elf/dl-runtime.c
cfn=(512) _dl_fixup
calls=9 -84 
* 6111
+1 9
+5 9
+1 9
+1 9
+2 9
+1 9
+1 9
+1 9
+1 9
+1 9
+1 9
+2 9
+2 9
+4 9
+2 9

fl=(59) ./io/../sysdeps/unix/sysv/linux/fstat64.c
fn=(200) fstat
29 4
+1 8
+5 12
cfi=(60) ./io/../sysdeps/unix/sysv/linux/fstatat64.c
cfn=(202) fstatat
calls=4 154 
* 28

fl=(136) ./elf/./elf/dl-call-libc-early-init.c
fn=(492) _dl_call_libc_early_init
29 2
-2 1
+6 3
-6 1
+6 3
-6 1
+6 1
cfi=(135) ./elf/./elf/dl-lookup-direct.c
cfn=(486) _dl_lookup_direct
calls=1 +41 
* 230
+4 2
+2 4
+2 1
-1 1
+1 2
-1 1
cob=(3)
cfi=(137) ./elf/./elf/libc_early_init.c
cfn=(494) __libc_early_init
calls=1 -7 
* 1123

fl=(16)
fn=(36) _dl_x86_init_cpu_features
39 3
+2 1
cfi=(17) ./elf/../sysdeps/x86/cpu-features.c
cfn=(38) init_cpu_features.constprop.0
calls=1 399 
* 7296

fn=(490)
39 3
+32 2

fl=(75) ./elf/./elf/dl-version.c
fn=(262) _dl_check_map_versions
155 35
+15 5
-15 5
+15 10
+2 20
+2 5
+1 5
+2 10
+3 6
-16 6
+20 3
-28 3
+24 3
+4 18
+16 6
36 3
200 3
36 18
200 4
36 2
200 2
36 12
+1 16
-1 32
+2 63
cfi=(55)
cfn=(186) _dl_name_match_p
calls=21 +30 
* 2139
* 42
204 10
+4 15
+5 5
fi=(221) ./elf/../sysdeps/generic/_itoa.h
76 15
fe=(75)
213 10
+4 10
+1 10
-1 5
+4 5
-3 5
+3 5
-3 15
-1 16
+1 16
-1 8
+4 8
-3 8
+3 8
-3 44
56 52
+8 39
+6 39
+16 13
+1 26
+2 13
+5 117
+14 318
+12 438
+4 146
-30 292
231 52
+3 39
+5 8
-24 8
110 13
+3 52
cfi=(33)
cfn=(98)
calls=13 +18 
* 519
* 39
224 52
+1 3
cfi=(33)
cfn=(98)
calls=1 -94 
* 57
* 2
+3 12
+15 15
+5 2
-50 2
+59 15
+3 6
+3 21
+3 9
+4 58
-7 232
+3 177
+8 9
+6 8
fi=(29)
44 4
fe=(75)
280 8
fi=(29)
44 4
cfi=(28)
cfn=(78)
calls=4 +38 
* 136
fe=(75)
281 8
-2 4
fi=(29)
44 4
fe=(75)
281 4
+13 4
-3 4
+3 16
+2 8
+3 12
+4 15
+18 8
-15 8
+2 8
-2 8
+2 8
-2 8
+2 16
-2 5
+2 5
-2 5
+2 5
-2 5
+2 10
+2 13
+1 13
-1 39
+1 13
+1 13
-2 13
+2 26
+1 39
+3 39
+8 15
+5 2
-28 2
+33 6
+3 6
+20 58
-14 122
-2 58
+6 58
+1 58
+1 58
-1 174
+1 58
-1 58
+1 58
+1 58
+3 183
+12 6
+1 6
+1 6
+1 4
+19 45
164 2
-8 2
257 5
+17 3
+60 2
-40 2
+76 4
+2 4
+4 2
-4 104
+1 52
+2 1
+1 2
-1 1
+1 1
cfi=(33)
cfn=(264) strncmp
calls=1 125 
* 31
* 2

fn=(260) _dl_check_all_versions
392 5
+4 5
-2 2
+4 30
cfn=(262)
calls=5 155 
* 7454
-2 5
+2 15
-1 5
-1 10
+5 7

fl=(19) ./elf/../sysdeps/x86/get-isa-level.h
fn=(114) _dl_hwcaps_subdirs_active
31 1
fi=(39) ./elf/../sysdeps/x86_64/dl-hwcaps-subdirs.c
+7 1
fe=(19)
-7 2
-1 2
fi=(39)
+22 1
fe=(19)
-20 3
+4 1
fi=(39)
+2 1
fe=(19)
-2 2
+3 4
+1 4
+5 1
fi=(39)
-7 1
fe=(19)
+7 3
fi=(39)
-2 1
fe=(19)
+5 2
+3 5
+2 4
+1 2
+1 2
+6 1
fi=(39)
-13 1
fe=(19)
+13 1
-3 2

fl=(134) ./elf/../sysdeps/nptl/dl-mutex.c
fn=(484) __rtld_mutex_init
30 1
+10 3
-10 1
+10 1
-10 1
+7 1
+3 3
cfi=(135)
cfn=(486)
calls=1 +34 
* 200
+4 2
+1 8
+2 3
-2 1
+2 3
cfi=(135)
cfn=(486)
calls=1 +27 
* 215
+4 2
+1 6
+1 2
-1 1
+1 2

fl=(43) ./string/../sysdeps/x86_64/multiarch/../multiarch/memcmp-sse2.S
fn=(128) bcmp
71 2
+1 2
+22 1
+1 1
+45 1
+1 1
+2 1
+1 1
+2 1
+1 1
+2 1
+1 1
+47 1
+1 1
+1 1
+1 1
+1 1
+1 1
+53 1
+2 1
+1 1
+1 1
+1 1
+1 1
+1 1
+7 1
+2 1
+2 1
+1 1
+1 1
+1 1
+1 1
+4 1
+8 1

fl=(11)
fn=(58) __GI___tunable_set_val
158 30
+2 5
cfn=(60) do_tunable_update_val
calls=5 -61 
* 190

fn=(28)
408 224
+9 32
-9 126
+9 10
+17 160
+2 32
-9 22
+1 22

fn=(60)
99 5
+3 15
fi=(22) ./elf/./dl-tunable-types.h
-12 5
fe=(11)
+21 5
+1 5
fi=(22)
-22 5
fe=(11)
+22 15
+1 25
fi=(12) ./elf/./elf/dl-tunables.h
+8 10
fe=(11)
+13 5
+1 5
+1 5
+1 5
+1 5
fi=(12)
-16 5
fe=(11)
-6 10
fi=(12)
+15 5
fe=(11)
-12 15
+4 20
+7 10
+1 10

fn=(22) __GI___tunables_init
282 8
-9 3
+34 5
71 290
+6 57
-3 57
+3 4913
357 8
81 114
+5 171
fi=(12)
+54 57
fe=(11)
-54 57
fi=(12)
+54 57
+1 148
-1 159
+1 148
fe=(11)
323 228
-18 8436
+6 11571
fi=(12)
140 1026
+1 1026
-1 19
+1 76
-1 95
fe=(11)
+12 114

fl=(72) ./io/../sysdeps/unix/sysv/linux/pread64_nocancel.c
fn=(244) __pread64_nocancel
25 2
+1 8
+1 2

fl=(45)
fn=(140)
141 45
+5 9
+1 9
+3 7
+1 7
+2 1
+1 1
+1 1
+34 4
+1 4
+2 4
+60 6
+1 6
+12 6
+3 6
+1 6
+12 2
+1 2
+13 2
+1 2
+2 2
+3 1
+3 2
+3 1
+1 1
+1 1
+1 1
+1 1
+1 1
+1 1
-6 28
+1 28
+1 28
+1 28
+1 28
+1 28
+1 28
+3 2
+1 2
+1 2
+1 2
+5 2
+34 2
+2 2
+1 2
+39 2
+1 2
+2 2

fl=(135)
fn=(488) check_match
31 21
+1 3
-1 6
+1 9
+1 9
+2 6
+1 6
+12 9
+3 6
+2 9
cfi=(33)
cfn=(98)
calls=3 +78 
* 202
* 6
+4 6
+1 18
+1 9
cfi=(33)
cfn=(98)
calls=3 +72 
* 118
+5 6
-24 6
+24 6
-24 3
+24 9

fn=(486)
74 27
+4 3
-4 3
+1 3
-1 3
+2 6
+2 9
+37 3
-37 9
+1 6
+2 9
+3 25
+2 3
+1 9
-1 3
+1 3
-1 3
+1 3
cfn=(488)
calls=3 -56 
* 473
* 3
+3 6
+3 6
+23 27

fl=(31)
fn=(110) _dl_init_paths
706 10
+14 1
-14 2
+14 2
cfi=(38) ./elf/./elf/dl-hwcaps.c
cfn=(112) _dl_important_hwcaps
calls=1 175 
* 1977
fi=(29)
56 1
fe=(31)
720 1
fi=(29)
56 1
cfi=(28)
cfn=(82)
calls=1 -21 
* 24
fe=(31)
725 1
+2 3
+8 2
-1 3
+5 3
fi=(29)
56 1
cfi=(28)
cfn=(82)
calls=1 -21 
* 24
fe=(31)
739 1
+2 4
+17 1
-10 1
+8 1
-9 1
+9 2
+11 1
-9 1
+3 2
+9 1
-2 1
+2 2
-7 1
-4 1
+3 1
+6 1
+2 1
-3 2
+1 16
cfi=(45)
cfn=(140)
calls=4 141 
* 68
+2 15
-14 3
+10 3
+4 9
-12 3
-2 3
+2 3
+4 3
-3 3
+3 3
+1 3
-2 3
+5 6
-3 3
+4 6
+15 1
+3 1
-15 1
+7 1
-1 1
+9 2
+2 4
+2 3
+36 5
+2 3
cfi=(23)
cfn=(66)
calls=1 101 
* 60
* 8
cfi=(30)
cfn=(86)
calls=1 219 
* 26
* 1
+5 4
-1 2
+2 1
+1 2
-2 4
+1 68
+1 136
-2 272
+5 1
fi=(29)
56 1
cfi=(28)
cfn=(82)
calls=1 -21 
* 24
fe=(31)
836 1
fi=(29)
56 1
fe=(31)
838 2
+6 6
cfn=(142) fillin_rpath.isra.0
calls=1 468 
* 2547
+3 3
+6 1
+4 8
-49 1
-2 1
+2 2
+14 2

fn=(226) open_path
1819 16
+1 2
-1 6
+1 2
+6 4
+5 2
-7 2
+7 2
+70 2
-70 2
+70 2
-70 2
+38 2
-38 2
+38 2
-38 2
+38 2
-46 2
+8 4
+3 4
+9 12
-9 8
+9 24
+7 12
-12 6
+13 6
-1 12
cfi=(30)
cfn=(136)
calls=6 206 
* 72
* 6
+1 52
+3 120
+5 287
cfi=(30)
cfn=(136)
calls=41 206 
* 508
* 164
cfi=(30)
cfn=(136)
calls=41 206 
* 492
+3 123
+6 123
+3 287
cfn=(188) open_verify.constprop.0
calls=41 1578 
* 2132
* 41
+2 123
+2 40
+89 18
1851 120
+89 24
+7 12
-2 6
+2 12
+3 8
1829 4
+70 84
+2 42
-21 40
+1 160
+6 40
+2 20
-2 40
+2 20
cfi=(68) ./io/../sysdeps/unix/sysv/linux/stat64.c
cfn=(228) stat
calls=20 28 
* 278
* 20
+3 20
-3 59
-38 38
+39 1
+2 1
-2 1
+2 7
-41 2

fn=(152)
238 9
+3 9
-3 27
+7 9
-7 9
+3 9
cfi=(42) ./string/../sysdeps/x86_64/multiarch/../multiarch/strchr-sse2.S
cfn=(124) index
calls=9 33 
* 327
+3 18
+20 63

fn=(142)
468 7
+4 1
-4 9
+6 3
cfi=(7) ./elf/./elf/dl-minimal.c
cfn=(144) strsep
calls=1 242 
* 21
* 12
cfi=(7)
cfn=(144)
calls=4 242 
* 1320
* 15
+7 8
+2 9
cfn=(150) expand_dynamic_string_token
calls=3 -98 
* 459
* 3
+4 6
+5 6
cfi=(23)
cfn=(66)
calls=3 101 
* 84
* 3
+1 6
+7 15
+9 54
+1 36
cfi=(43)
cfn=(128)
calls=1 71 
* 18
* 2
+7 6
+1 4
+3 2
fi=(29)
50 8
cfi=(28)
cfn=(148) __minimal_free
calls=4 +47 
* 36
+1 4
fe=(31)
509 1
-31 1
-1 1
+32 2
+19 12
+4 12
fi=(29)
56 3
cfi=(28)
cfn=(82)
calls=3 -21 
* 72
* 3
fe=(31)
534 6
+5 3
+1 6
-1 3
-1 3
+2 3
cfi=(30)
cfn=(136)
calls=3 206 
* 36
+3 3
-3 3
+1 3
+2 3
+1 1
+5 1
+1 1
-1 3
+1 2
-1 2
+1 2
-1 6
+1 10
+1 3
-1 9
+1 27
-1 81
+3 3
+1 3
-1 3
+1 6
+1 3
+6 6
+1 3
+3 9
-60 12
+66 1
+3 14

fn=(224) cache_rpath
681 12
+1 18
+17 12
-16 12

fn=(194) _dl_map_object_from_fd
944 33
+10 3
-10 9
+10 3
cfi=(47)
cfn=(196)
calls=3 41 
* 18
* 3
+7 12
+85 12
+10 6
+7 21
cfi=(27)
cfn=(76)
calls=3 59 
* 1047
* 3
+1 6
+11 3
+5 3
-4 3
-1 3
+2 3
+2 3
-2 3
+2 6
+1 9
+1 4
+19 2
-2 2
+2 20
+10 2
-10 2
+10 6
-10 1
-2 1
+2 10
+10 1
-10 1
+10 3
+27 3
-33 3
-3 3
+2 3
-1 3
+35 3
+9 3
-50 3
+41 3
+9 3
-36 3
+63 15
-62 82
+20 2
+1 1
-22 93
+1 173
1223 6
1110 3
1223 6
1110 9
1228 21
+10 9
+1 3
-1 3
+1 3
-1 9
+1 9
-1 9
+1 9
-1 27
1076 6
1245 6
+10 12
+7 12
fi=(62) ./elf/./dl-map-segments.h
28 3
fe=(31)
1262 9
fi=(62)
28 6
+1 24
cfi=(61) ./misc/../sysdeps/unix/sysv/linux/mmap64.c
cfn=(204) mmap
calls=3 +18 
* 24
+73 6
-1 3
-72 3
+73 3
+3 6
+1 3
+2 3
-3 3
+1 3
+2 3
+17 3
-96 3
+98 3
fi=(63) ./elf/./dl-load.h
-36 24
+1 9
+2 24
fi=(62)
+55 48
+6 3
+2 3
-2 3
+1 3
+2 6
-1 12
+8 6
+3 6
+8 21
cfi=(45)
cfn=(140)
calls=3 -35 
* 256
* 6
+6 6
+12 12
-59 72
+2 18
+3 9
-3 18
+2 72
cfi=(61)
cfn=(204)
calls=9 -92 
* 72
* 27
fe=(31)
1111 36
+26 84
+8 24
+1 12
-1 12
+1 48
+1 12
-1 12
+1 12
+2 12
-2 12
+2 12
+2 12
-4 12
+1 24
-1 12
+4 60
+2 24
+13 24
+1 45
+5 9
+1 81
-28 9
+38 9
-11 3
+1 27
-28 3
+38 3
-66 6
+7 3
+2 3
-2 3
+1 3
+1 3
-1 6
+1 24
+60 3
+5 1
-1 2
+5 1
-5 2
-66 1
+71 4
+1 1
+3 1
-3 1
+8 4
+15 6
+1 3
fi=(58) ./elf/../sysdeps/posix/dl-fileid.h
37 9
cfi=(59)
cfn=(200)
calls=3 -8 
* 39
* 6
fe=(31)
999 6
fi=(58)
40 9
fe=(31)
999 3
fi=(58)
40 3
fe=(31)
999 39
+1 18
fi=(58)
49 24
fe=(31)
1525 27
1084 1
+1 2
-1 4
+1 1
-1 1
+1 1
cfi=(72)
cfn=(244)
calls=1 25 
* 6
* 2
1278 12
+1 9
fi=(64) ./elf/./elf/get-dynamic-info.h
39 6
+6 3
-2 3
+2 6
+9 3
+5 3
-1 3
-3 42
+13 12
-23 48
+23 62
-23 248
+4 148
+5 60
+2 15
fi=(63)
+39 8
+2 2
-1 4
+1 2
-1 2
+1 2
-1 2
+1 2
-1 4
+3 8
fe=(31)
1018 6
fi=(64)
59 12
+13 12
+12 11
+1 12
+1 12
+1 12
+1 11
+1 11
+1 11
+1 12
+12 3
+7 3
-7 21
+7 7
+5 4
+7 4
+1 9
+6 9
+1 6
+17 9
+5 4
+2 4
+2 4
+2 4
+4 9
+2 3
+1 2
+9 2
+6 2
+4 6
fe=(31)
1285 6
+1 6
+2 6
+10 9
+19 6
+2 18
+52 9
+1 2
+6 24
+1 58
+6 8
cfn=(94) _dl_process_pt_gnu_property
calls=2 876 
* 38
-7 68
+1 34
+6 34
-6 68
fi=(32) ./elf/../sysdeps/x86/dl-prop.h
212 10
+1 5
95 20
+10 4
212 2
105 4
-3 2
-1 2
+2 2
+2 4
-5 4
+93 8
-1 2
-87 6
+3 6
+1 4
+1 4
+4 6
+4 6
+3 6
+1 4
+4 2
+1 8
+4 4
+1 2
+3 4
+3 2
+1 8
+5 8
+7 4
+16 2
-3 4
+3 6
fe=(31)
1390 6
cfi=(65)
cfn=(214)
calls=3 26 
* 15
* 6
+13 6
+2 12
+2 6
+16 6
cfi=(8) ./elf/./elf/dl-setup_hash.c
cfn=(14) _dl_setup_hash
calls=3 28 
* 78
+4 6
+1 6
+17 6
+1 1
+3 1
+5 1
-5 1
+5 1
-5 2
+5 2
-5 2
+5 2
+10 6
+7 24
+10 6
+1 4
+5 2
cfi=(48)
cfn=(246)
calls=1 131 
* 9
+7 9
cfi=(27)
cfn=(90)
calls=3 31 
* 141
+3 12
+23 21
+1 9
cfi=(50) ./elf/./elf/dl-audit.c
cfn=(216) _dl_audit_objopen
calls=3 78 
* 12
* 3
-5 6
fi=(32)
198 16
+2 2
+1 2
+1 2
-2 2
+3 2
-3 4
+3 2
fi=(64)
62 12
+2 12
fi=(62)
186 8
cfi=(61)
cfn=(204)
calls=1 47 
* 8
+3 2
fe=(31)
1472 9
+2 2
-1 10
+1 2
-1 2
+1 2
-1 2
cfi=(33)
cfn=(98)
calls=2 131 
* 48
* 4
+2 5
1285 4

fn=(150)
385 12
+10 4
-10 16
+10 4
cfn=(152)
calls=4 238 
* 232
+3 8
+12 4
-11 4
+11 16
-11 4
cfi=(46)
cfn=(154)
calls=4 40 
* 330

fn=(188)
1578 440
+32 44
-32 88
+32 88
+19 176
cfi=(56) ./io/../sysdeps/unix/sysv/linux/open64_nocancel.c
cfn=(190) __open_nocancel
calls=44 31 
* 827
* 44
+2 88
+8 3
+6 9
-5 3
+5 15
cfi=(57) ./io/../sysdeps/unix/sysv/linux/read_nocancel.c
cfn=(192) __read_nocancel
calls=3 26 
* 15
+2 6
+2 6
+2 6
+6 6
+17 39
+81 6
+5 6
+6 12
+6 6
+6 3
+1 3
-1 9
+1 9
+26 396
-22 1
+1 2
-1 4
+1 1
cfi=(72)
cfn=(244)
calls=1 25 
* 6
* 2
1674 6
-59 82

fn=(184)
1971 60
+8 12
+1 24
+3 99
+5 126
+2 54
cfi=(55)
cfn=(186)
calls=18 68 
* 1896
* 36
+4 30
+1 45
+4 6
-1 30
+1 6
+1 6
-1 6
+1 12
cfi=(33)
cfn=(98)
calls=6 131 
* 207
* 12
2274 54
2015 3
-1 6
+1 6
-1 6
-41 3
+50 9
+17 6
-2 3
+2 3
cfi=(42)
cfn=(124)
calls=3 33 
* 69
* 6
2206 2
-1 3
cfn=(150)
calls=1 385 
* 175
+2 1
-3 1
+1 1
+2 2
+4 8
cfn=(188)
calls=1 1578 
* 101
* 1
+3 2
+12 12
+45 3
+1 6
-1 3
+1 33
cfn=(194)
calls=3 944 
* 5711
* 9
2044 4
cfi=(23)
cfn=(66)
calls=2 101 
* 32
* 4
+2 4
+7 8
+51 28
cfn=(226)
calls=2 1819 
* 5791
+6 2
-6 2
+6 8
+1 12
cfn=(224)
calls=2 681 
* 18
* 4
+8 2
+14 4
+2 6
+4 4
cfi=(69)
cfn=(230)
calls=2 413 
* 2724
* 2
+2 4
+4 4
+8 6
+23 16
cfn=(188)
calls=2 1578 
* 224
* 2
+4 4
+1 2
+17 4
2078 8
+1 18
cfn=(224)
calls=2 681 
* 18
* 8
+9 4
+15 4
+1 4
-47 2
+1 2
+7 18
-3 6
+1 12
cfn=(224)
calls=2 681 
* 18
* 4
+9 8
+5 4
+1 4

fn=(94)
876 3
-8 3
+8 3
-6 3
+12 6
-13 3
+13 3
-13 3
+13 6
+3 9
+1 6
+1 6
+43 3

fl=(38)
fn=(134) copy_hwcaps
77 6
+6 2
-6 2
+6 2
-6 4
fi=(40) ./elf/./dl-hwcaps.h
-23 2
+2 4
+32 2
+1 2
+1 2
fe=(38)
-8 4
+1 4
-1 2
+1 8
cfi=(30)
cfn=(136)
calls=2 206 
* 24
+4 2
+2 2
+2 2
-3 2
+1 4
+1 4
+1 2
-11 4
cfi=(41) ./elf/./elf/dl-hwcaps_split.c
cfn=(120) _dl_hwcaps_split_masked
calls=2 -29 
* 131
* 4
cfi=(41)
cfn=(120)
calls=2 -29 
* 163
* 8
+13 12

fn=(112)
175 4
+1 1
-1 6
+1 1
-1 1
+1 1
-1 1
+1 1
-1 1
+1 1
cfi=(11)
cfn=(28)
calls=1 408 
* 20
* 1
+3 1
-1 1
+1 1
-1 1
+1 1
+9 2
-9 1
+8 1
cfi=(19)
cfn=(114)
calls=1 31 
* 48
fi=(40)
54 1
fe=(38)
188 2
-1 1
fi=(40)
56 1
+32 1
+1 1
+1 1
fe=(38)
-35 2
cfi=(41)
cfn=(120)
calls=1 -4 
* 20
* 2
fi=(40)
-1 1
+2 1
-2 1
+34 2
+1 2
+1 1
fe=(38)
-32 2
-1 2
+1 2
+1 2
-1 2
-3 4
cfi=(41)
cfn=(120)
calls=2 -4 
* 131
* 2
cfi=(41)
cfn=(120)
calls=1 -4 
* 143
* 6
+48 3
fi=(29)
-47 1
cfi=(28)
cfn=(82)
calls=1 -21 
* 24
fe=(38)
+49 2
-2 1
+2 1
fi=(40)
-51 1
fe=(38)
+57 2
-3 1
fi=(40)
-54 1
+2 4
+1 1
fe=(38)
+58 2
cfi=(41)
cfn=(122) _dl_hwcaps_split
calls=1 -90 
* 11
* 1
+2 1
-2 1
fi=(40)
-61 3
+2 1
-2 1
+34 2
+1 5
+1 1
fe=(38)
+40 10
+1 4
+1 2
+1 2
-1 2
-4 4
cfi=(41)
cfn=(120)
calls=2 -77 
* 131
* 2
cfi=(41)
cfn=(120)
calls=1 -77 
* 143
* 6
+8 5
+9 5
+3 8
-2 6
+14 1
+4 1
+1 2
+1 1
-20 2
+19 1
+1 1
-20 2
+8 2
+4 7
cfi=(43)
cfn=(128)
calls=1 -87 
* 18
+1 3
-14 9
+53 2
+1 4
+4 5
+1 1
-1 1
+1 2
+1 2
-2 5
+1 1
-1 1
+1 2
+1 2
-2 5
+5 1
+27 1
-5 1
+5 1
-7 1
+7 2
-7 5
+7 2
-5 1
+1 4
fi=(44) ./elf/../sysdeps/x86/dl-hwcap.h
57 6
fe=(38)
236 3
-3 1
+1 1
cfi=(23)
cfn=(66)
calls=1 101 
* 16
+1 1
-1 1
+1 2
-5 6
+8 3
+2 1
+2 3
-2 1
+1 2
+4 5
+1 1
+3 3
+5 2
-1 2
+4 2
+1 2
+16 2
+7 2
-7 2
+7 1
-7 5
+7 2
fi=(29)
56 1
cfi=(28)
cfn=(82)
calls=1 -21 
* 24
* 1
fe=(38)
282 2
+7 1
+1 1
+1 4
-1 5
+1 1
cfn=(134)
calls=1 77 
* 44
+1 5
cfn=(134)
calls=1 77 
* 366
+11 1
-8 1
+1 1
+7 2
+2 1
-2 1
+34 1
-10 1
+10 4
-7 2
+7 2
+10 4
-1 1
+1 2
-1 2
+1 1
-90 2
+86 1
+4 3
-4 4
-3 1
+3 1
cfi=(30)
cfn=(136)
calls=1 206 
* 17
* 2
-3 1
+3 1
cfi=(30)
cfn=(136)
calls=1 206 
* 17
* 2
+3 2
-3 6
+3 5
+1 12
+1 2
-2 1
+2 1
cfi=(30)
cfn=(136)
calls=1 206 
* 14
* 2
-2 2
+5 6
cfi=(30)
cfn=(136)
calls=2 206 
* 28
* 4
+2 16
+6 1
-1 3
+1 7
-1 22
+5 7
+3 2
-3 2
+3 2
-3 4
+3 4
-3 4
+3 4
+1 36
+1 12
-1 12
+1 24
-2 12
+1 24
-1 42
260 1
+1 1
-1 2
+2 1
-1 1
+1 3
-1 2
+2 2
+7 4
370 9
+3 1
+2 2
-1 1
+1 1
-2 2
+2 2
-1 1
-1 2
+5 2
+3 2
-6 2
+2 6
+3 1
+1 2
-6 2
+6 3
+7 7
+1 1
-1 2
+3 2
-3 3
+1 3
-1 6
+3 6
+3 3
-21 1
-59 2
+86 9
254 2

fl=(1) ???
fn=(0) 0x000000000001aa50
0 2
cfi=(2)
cfn=(2) _dl_start
calls=1 520 
0 157812
0 10
cfi=(145) ./elf/./elf/dl-init.c
cfn=(528) _dl_init
calls=1 81 
0 13290
0 3
cob=(5)
cfi=(146)
cfn=(638)
calls=1 0 
0 2074190728

fl=(57)
fn=(192)
26 12
+1 3

fl=(25)
fn=(72) __tls_pre_init_tp
51 2
+3 8
+5 1
-5 1
+5 1
+1 1
-6 1
+8 1

fn=(92)
44 20

fn=(276) __tls_init_tp
66 1
fi=(222) ./elf/../include/list.h
-22 1
fe=(25)
+22 1
fi=(222)
-23 1
fe=(25)
+24 1
+3 1
fi=(222)
-27 1
+1 1
+1 1
+2 1
fe=(25)
+26 4
+1 2
+1 1
+5 2
+5 1
+6 1
-3 1
+3 1
-6 3
+6 1
+13 3
fi=(76) ./elf/../sysdeps/unix/sysv/linux/rseq-internal.h
-50 1
fe=(25)
+50 1
cfi=(11)
cfn=(28)
calls=1 408 
* 19
fi=(76)
-63 3
+9 2
+4 2
-4 2
+4 3
+2 2
+3 1
fe=(25)
+56 1
+7 1
-7 1
+7 1
+1 3

fl=(41)
fn=(120)
51 33
+3 22
cfn=(122)
calls=11 -29 
* 463
* 6
cfn=(122)
calls=3 -29 
* 174
* 28
+2 9
+1 27
+1 42
cfn=(126) _dl_hwcaps_contains
calls=6 +9 
* 24
* 12
+4 22

fn=(122)
25 45
+1 45
+4 36
+4 48
+1 12
-1 24
+2 24
+5 27
cfi=(42)
cfn=(124)
calls=9 -8 
* 207
+4 18
-3 18
+1 6
+3 6
+1 42
-20 6
+20 18
-4 6
cfi=(23)
cfn=(66)
calls=3 +58 
* 48
* 3
+3 3
-3 6

fn=(126)
67 12
+1 6
+9 6

fl=(78)
fn=(292) do_lookup_x
348 824
+1 103
-1 412
+6 103
-6 206
+7 103
+41 103
-30 206
+30 103
-30 412
+14 1254
+8 418
-4 418
+1 418
+3 1672
+1 836
+3 418
-3 418
+4 836
+7 418
-3 836
-2 418
+5 1254
+3 2926
+99 966
359 836
+3 836
+4 836
+4 836
+4 836
fi=(4)
141 192
+1 288
fe=(78)
460 192
fi=(80) ./elf/../sysdeps/generic/dl-protected.h
29 384
fe=(78)
467 736
+16 192
+1 96
+1 192
-78 324
-1 216
+2 216
+2 105
+6 420
-6 105
+6 735
+7 423
-10 1185
+3 99
-1 198
+1 99
-1 99
+2 198
-1 1188
cfn=(294) check_match
calls=99 71 
* 9663
+4 297
+3 6
+82 7
+1 824
-35 24
-17 18
172 72
437 864

fn=(288)
756 1339
fi=(79) ./elf/../sysdeps/generic/dl-new-hash.h
74 103
+3 206
-8 103
+1 206
+10 103
+1 206
-1 633
+1 1266
+20 687
-2 687
+6 687
-3 1374
+2 687
-30 687
+3 1374
fe=(78)
758 103
+1 103
+3 103
-4 103
+1 103
+7 390
+3 103
+2 206
-2 103
+6 206
-7 1236
+7 35
+1 1442
cfn=(292)
calls=103 348 
* 39918
* 309
+28 103
-23 309
+23 103
-23 206
+24 560
+7 96
-7 96
+35 384
+34 96
-20 288
+3 192
-57 103
+76 927
fi=(79)
87 49
+1 49
+1 98
+1 49
fe=(78)
783 42
+18 21
+54 2

fn=(294)
71 99
+3 99
-3 1188
+3 390
+13 96
-13 96
+13 96
-13 96
+13 288
+3 328
cfi=(33)
cfn=(98)
calls=34 +41 
* 1421
* 68
+4 96
+1 192
+2 184
+19 184
+1 736
-38 96
+84 594
-18 8
+2 8
+1 4
-1 8
+1 12
-1 8
-29 276
cfi=(33)
cfn=(98)
calls=92 +13 
* 2790
* 184
-44 12
+5 6

fl=(7)
fn=(12) __rtld_malloc_init_stubs
43 2
+1 2
+1 2
+1 2
+1 1

fn=(144)
242 15
+2 5
+1 10
+4 227
+7 528
-2 270
+6 6
+7 3
+4 6
-4 1
+4 4
-22 66
+11 66
-11 134

fn=(480) lookup_malloc_symbol
61 8
+3 4
-3 16
+3 4
-3 4
+3 8
-1 4
+1 12
cfi=(78)
cfn=(288)
calls=4 756 
* 2143
+4 28
+1 28
+2 4
fi=(133) ./elf/./dl-sym-post.h
-30 8
+12 12
fe=(7)
+19 24

fn=(476) __rtld_malloc_init_real
76 1
+10 1
fi=(132) ./elf/../sysdeps/generic/dl-hash.h
-41 1
fe=(7)
+31 1
fi=(132)
-32 1
fe=(7)
+32 5
+11 1
-1 1
fi=(132)
-43 1
+5 3
+14 4
-17 3
+3 15
+14 20
-17 15
fe=(7)
+46 2
fi=(132)
-24 1
fe=(7)
+22 1
+2 2
fi=(132)
-19 1
fe=(7)
+19 1
cfn=(480)
calls=1 -30 
* 560
+1 3
-1 1
+1 1
cfn=(480)
calls=1 -31 
* 567
+1 3
-1 1
+1 1
cfn=(480)
calls=1 -32 
* 611
+1 3
-1 1
+1 1
cfn=(480)
calls=1 -33 
* 569
+5 1
+1 1
+1 1
+1 1
+1 7

fl=(68)
fn=(228)
28 20
+1 80
cfi=(60)
cfn=(202)
calls=20 154 
* 178

fl=(145)
fn=(530) call_init
29 12
-2 48
+8 24
+2 12
+6 5
+3 5
-3 10
+3 10
+5 8
+8 12
+1 12
cob=(2)
cfi=(52)
cfn=(624) 0x0000000004860000
calls=1 -60 
* 11
cob=(2)
cfi=(52)
cfn=(532) 0x0000000004837000
calls=1 -60 
* 12830
+3 4
+1 8
+6 6
+2 6
-2 3
+3 19
+1 4
cob=(3)
cfi=(167) ./libio/./libio/vtables.c
cfn=(622) check_stdfiles_vtables
calls=1 +10 
* 11
* 12
cob=(4)
cfi=(168) ???
cfn=(630) 0x00000000000102c0
calls=1 -74 
* 12
cob=(3)
cfi=(164) ./csu/./csu/init-first.c
cfn=(614) _init_first
calls=1 -28 
* 64
cob=(6) /usr/libexec/valgrind/vgpreload_core-amd64-linux.so
cfi=(163) ???
cfn=(608) 0x0000000000001100
calls=1 -74 
* 12
-1 12
+3 36
-29 2

fn=(528)
81 11
+1 1
+1 1
+3 3
+8 2
+25 1
+1 5
+1 5
-1 1
+1 1
cfn=(530)
calls=1 -92 
* 36
* 20
-1 4
+1 4
cfn=(530)
calls=4 -92 
* 272
-1 10
+7 8
-39 1
cfn=(530)
calls=1 -59 
* 12902
+1 2

fl=(55)
fn=(232)
36 1
+3 1
-3 5
+3 1
-3 2
+3 1
cfi=(56)
cfn=(190)
calls=1 -8 
* 16
+1 2
+23 7
-21 4
cfi=(59)
cfn=(200)
calls=1 -13 
* 13
* 2
+2 2
+3 2
+13 2
cfi=(65)
cfn=(214)
calls=1 -34 
* 5
* 1
-11 6
cfi=(61)
cfn=(204)
calls=1 -2 
* 8
* 2

fn=(186)
68 195
+1 78
cfi=(33)
cfn=(98)
calls=39 +62 
* 1296
* 78
+3 39
+2 78
+6 39
-6 78
+1 141
cfi=(33)
cfn=(98)
calls=47 +56 
* 1724
* 94
+8 8
-13 8
+13 55
-1 31
+1 93

fl=(46)
fn=(154)
40 24
+1 6
cfi=(23)
cfn=(66)
calls=6 +60 
* 186
* 6
fi=(223) ./string/../include/rtld-malloc.h
+15 12
cfi=(28)
cfn=(82)
calls=6 -21 
* 144
fe=(46)
-12 12
+4 6
-1 18
+1 12
-1 6
cfi=(30)
cfn=(86)
calls=6 219 
* 68

fl=(50)
fn=(658) _dl_audit_preinit
119 4

fn=(216)
78 12

fn=(520) _dl_audit_activity_nsid
45 8
+2 6
+4 2

fn=(164) _dl_audit_activity_map
29 7
+2 1
-1 1
+1 2
+6 8

fl=(56)
fn=(190)
31 45
-3 45
+3 270
+8 315
+2 4
-2 123
+2 41

fl=(217) ./elf/./elf/dl-call_fini.c
fn=(824) _dl_call_fini
24 4
+4 2
+6 1
-2 1
+3 2
+3 1
+1 1
-1 1
+1 2
+3 4
+1 1
cob=(5)
cfi=(146)
cfn=(826)
calls=1 -43 
* 585

fl=(2)
fn=(266) init_tls
737 3
+2 1
+4 1
-4 1
+4 2
+11 1
fi=(29)
44 1
fe=(2)
749 1
+4 1
fi=(29)
44 1
cfi=(28)
cfn=(78)
calls=1 +38 
* 34
fe=(2)
764 1
-12 1
+6 1
-9 1
+11 1
+4 1
+2 3
-1 2
+3 10
+4 1
+2 1
-2 2
-5 1
-1 2
+1 4
-1 8
+10 3
+3 2
cfi=(48)
cfn=(268)
calls=1 97 
* 76
+3 1
cfi=(48)
cfn=(270)
calls=1 222 
* 75
+7 1
cfi=(48)
cfn=(272)
calls=1 423 
* 434
* 1
+1 2
+6 1
+3 2
-3 1
+3 6
+3 1
cfi=(25)
cfn=(276)
calls=1 66 
* 73
+1 1
+3 5

fn=(166) handle_preload_list
875 7
+5 1
-5 1
+5 4
-4 1
+10 2
+7 1
182 1
895 2
182 2
897 2
+1 4
cfn=(170) do_preload
calls=1 -88 
* 2440
* 1
-18 2
+3 3
cfi=(51)
cfn=(168)
calls=1 32 
* 251
* 1
+1 3
+2 4
cfi=(30)
cfn=(86)
calls=1 219 
* 18
+1 2
+14 9

fn=(258)
677 2
+2 4
cfi=(75)
cfn=(260)
calls=1 392 
* 7538
* 2
+4 2

fn=(182)
644 1
+2 1
-2 1
+2 1
+1 2
-1 2
+1 3
cfi=(31)
cfn=(184)
calls=1 1971 
* 2324
* 1
+2 2

fn=(70) dl_main
1357 1
196 1
1357 4
2579 1
1357 7
198 1
301 1
+1 1
196 1
+99 3
1368 1
cfi=(25)
cfn=(72)
calls=1 51 
* 16
2558 2
+6 5
-4 1
+4 1
+2 5
cfi=(26)
cfn=(74)
calls=1 29 
* 38
* 4
cfi=(26)
cfn=(74)
calls=2 29 
* 336
* 9
+4 6
-2 2
+2 6
+1 2
-1 6
+1 17
-1 89
+9 12
2697 4
+25 2
1384 1
+1 2
-1 2
+1 2
2655 3
+1 3
-56 2
+7 2
1654 8
cfi=(27)
cfn=(76)
calls=1 59 
* 284
* 1
+2 2
+1 1
+1 1
+5 1
-5 1
+1 1
-2 2
+2 2
+4 1
cfi=(27)
cfn=(90)
calls=1 31 
* 34
+1 2
1362 1
1122 1
-1 1
+29 1
-23 1
+2 1
+21 2
-19 1
+1 1
-5 1
+2 1
+21 2
+57 1
-83 1
+23 1
+4 1
+19 1
+37 2
-57 1
+57 2
-56 116
1256 4
+2 1
1150 18
-26 3
1263 22
+6 4
cfi=(31)
cfn=(94)
calls=1 876 
* 19
-7 26
+1 13
+6 13
-6 26
fi=(32)
212 4
+1 2
95 8
+10 2
212 1
105 2
-3 1
+3 1
-2 1
+2 2
-4 1
-1 2
+93 4
-1 1
-87 3
+3 3
+1 2
+1 2
+4 3
+4 3
+3 3
+1 2
+4 1
+1 5
+4 2
+1 1
+3 2
+3 1
+1 4
+5 4
+7 2
+16 1
-3 2
+6 4
fe=(2)
1155 1
-5 1
+5 2
-5 2
+30 1
-9 2
+2 1
-3 1
+10 2
+18 2
-38 2
-10 1
+10 1
+1 9
-11 2
+57 4
-1 4
+1 8
-1 4
+2 8
+1 1
+2 12
+1 14
+4 8
+1 8
+1 4
+1 10
+1 1
+4 1
-74 1
+74 2
-74 2
+74 3
-74 3
+74 6
-74 6
1252 1
1150 1
1252 1
1150 3
1275 4
+3 3
+2 3
+2 2
1689 3
+2 1
-1 1
+1 2
+1 2
-2 1
+2 1
-2 2
cfi=(33)
cfn=(98)
calls=1 131 
* 24
* 2
+7 1
+3 1
-5 1
+3 1
+2 1
+1 2
+4 2
+2 2
fi=(3) ./elf/./get-dynamic-info.h
39 4
+4 1
+2 3
+9 1
+5 1
-1 1
-3 17
+13 5
-23 20
+23 21
-23 84
+4 52
+5 24
+2 5
+16 4
+43 2
+7 3
+1 4
+6 3
+18 4
+15 4
+2 3
+1 2
+9 2
+6 2
+4 3
fe=(2)
1715 4
+7 2
cfi=(8)
cfn=(14)
calls=1 28 
* 26
+3 2
fi=(34) ./elf/./setup-vdso.h
24 2
fi=(37) ./elf/./dl-main.h
+88 2
fi=(36) ./elf/../sysdeps/unix/sysv/linux/dl-vdso-setup.h
-67 1
fi=(37)
+67 3
cfi=(31)
cfn=(110)
calls=1 706 
* 5442
fe=(2)
1750 3
cfi=(47)
cfn=(156)
calls=1 56 
* 32
+7 1
-7 1
+2 1
+5 1
+4 1
+1 1
+2 1
-3 3
+1 2
+3 1
+11 1
-13 1
+13 1
+1 2
+5 1
-3 2
+2 1
+1 2
+5 3
+1 5
-1 2
223 1
+1 1
-1 1
+1 3
-1 2
+2 2
1805 2
+5 1
-1 1
+1 1
+24 1
cfi=(48)
cfn=(158)
calls=1 200 
* 5
* 1
fi=(49) ./elf/../sysdeps/generic/dl-debug.h
29 4
+1 2
fe=(2)
1840 2
+1 1
cfi=(47)
cfn=(162)
calls=1 117 
* 1
+5 3
cfi=(50)
cfn=(164)
calls=1 29 
* 19
+5 3
+2 1
+2 2
+9 2
+16 4
cfi=(66) ./io/../sysdeps/unix/sysv/linux/access.c
cfn=(218) access
calls=1 27 
* 8
* 2
+76 4
+16 3
84 1
1982 1
84 2
1982 1
84 1
1982 5
84 1
1982 2
cfi=(67)
cfn=(220)
calls=1 143 
* 18242
91 1
+9 1
1988 1
91 2
+9 2
1988 2
+1 5
-1 4
+1 8
-1 16
+4 3
+1 2
+1 1
+2 18
+1 8
+46 1
-42 2
+8 3
+1 2
+2 1
+2 3
+2 1
-4 1
+5 1
-1 2
+14 2
+1 2
+1 3
-25 1
+36 2
+2 2
-2 2
+1 2
+1 1
-1 2
+1 1
cfi=(53)
cfn=(256)
calls=1 238 
* 7564
+10 1
+1 1
-1 1
+1 1
+3 2
843 1
fi=(224) ./elf/../sysdeps/unix/sysv/linux/dl-osinfo.h
39 2
fe=(2)
845 1
fi=(224)
52 1
fe=(2)
854 1
+7 1
-5 1
2064 3
2263 2
+4 1
-4 1
+10 1
-6 1
+6 1
-6 1
+9 2
+8 2
fi=(32)
36 2
+1 3
+3 3
+13 7
-13 4
+9 8
-9 1
+9 20
+4 20
-16 15
fe=(2)
2295 3
+3 1
84 5
2304 19
+2 10
+5 10
+2 10
+6 5
+2 10
+1 32
cfi=(77)
cfn=(280)
calls=4 207 
* 74482
+4 12
+1 2
-23 1
+23 1
cfi=(48)
cfn=(412)
calls=1 1016 
* 27
-23 3
91 3
+1 1
2336 1
92 1
2336 1
+4 4
+2 1
+7 4
cfi=(48)
cfn=(466)
calls=1 529 
* 140
+3 2
-37 1
+1 1
-3 2
+49 3
+2 2
+33 3
cfi=(136)
cfn=(492)
calls=1 29 
* 1376
+7 1
cfi=(9) ./elf/../sysdeps/unix/sysv/linux/dl-sysdep.c
cfn=(518) _dl_sysdep_start_cleanup
calls=1 148 
* 1
+4 3
cfi=(50)
cfn=(520)
calls=1 45 
* 8
+5 2
cfi=(47)
cfn=(196)
calls=1 41 
* 6
+1 1
+1 1
cfi=(47)
cfn=(162)
calls=1 117 
* 1
+5 1
cfi=(69)
cfn=(522)
calls=1 536 
* 16
+5 8
225 3
1790 2
+6 1
-6 2
+6 1
fi=(32)
198 9
+2 1
+1 1
+1 1
-2 1
+3 1
-3 2
+3 1
fi=(3)
59 4
+3 4
+2 4
fi=(35) ./elf/../sysdeps/unix/sysv/linux/dl-vdso.h
-24 2
+1 5
fi=(36)
-11 1
+3 1
+3 1
+3 1
fi=(35)
+16 2
fi=(3)
+17 3
+12 3
+1 5
+1 5
+1 5
+1 4
+1 5
+1 5
+1 5
+12 2
+7 1
-7 7
+7 2
fe=(2)
2656 2
+2 1
+1 1
-1 1
+1 1
+1 1
1760 4
2374 1
cfi=(130) ./elf/./elf/dl-find_object.c
cfn=(468) _dl_find_object_init
calls=1 561 
* 688
+5 3
cfi=(7)
cfn=(476)
calls=1 76 
* 2414
+3 1
cfi=(134)
cfn=(484)
calls=1 30 
* 456
84 1
2388 1
+1 3
84 3
2389 2
cfi=(77)
cfn=(280)
calls=1 207 
* 3478
91 3
+9 3
2057 2
cfn=(266)
calls=1 737 
* 772
* 2
2607 2
+2 2
+1 1
1960 1
+1 1
-1 6
+4 3
+1 1
+1 2
+1 2
-7 2
84 1
1859 2
84 3
1859 2
cfn=(166)
calls=1 875 
* 2762
* 1
91 3
+9 3

fn=(2)
520 15
84 1
550 1
84 1
546 1
84 1
549 1
84 1
fi=(3)
-39 1
fe=(2)
549 1
fi=(3)
45 2
+23 1
-14 1
+5 1
-1 1
-3 11
+13 3
-23 12
+23 17
-23 68
+4 40
+5 16
+2 5
+3 4
fi=(4)
+22 1
fi=(3)
+29 1
-38 3
+12 4
+1 4
+1 4
+1 4
+1 5
+1 4
+1 4
+1 4
+12 7
+7 2
+5 2
+7 1
+1 3
+6 3
+1 3
+3 2
+1 3
+5 3
+3 3
fi=(5)
-70 1
fe=(2)
566 90
fi=(4)
81 1
fe=(2)
566 3
fi=(4)
81 2
fe=(2)
566 40
fi=(5)
273 3
fi=(6)
49 1
fe=(2)
566 1
fi=(6)
50 1
-1 2
+4 1
-3 1
+3 4
+3 2
-7 1
fe=(2)
566 1
fi=(6)
50 1
-1 2
+4 1
-3 1
+3 4
+3 2
+7 5
+2 5
-2 10
fi=(5)
264 5
fi=(6)
64 10
fi=(5)
264 10
+9 40
+3 10
+1 10
+26 15
+4 4
fi=(6)
61 19
fe=(2)
566 6
fi=(6)
51 1
fi=(4)
+30 2
fi=(3)
-19 4
+2 4
fe=(2)
568 1
+13 1
cfi=(7)
cfn=(12)
calls=1 43 
* 9
460 2
84 1
478 2
84 3
478 1
cfi=(8)
cfn=(14)
calls=1 28 
* 26
+2 1
+17 1
-15 1
+15 1
-18 1
+3 1
+9 1
-11 1
+17 1
cfi=(9)
cfn=(16) _dl_sysdep_start
calls=1 102 
* 157137
* 1
+2 2
+89 9
-22 3
fi=(3)
103 3
fe=(2)

fn=(170)
810 1
+12 1
-12 5
+10 1
-4 1
+6 2
-5 1
+5 2
-10 1
+6 1
+4 1
cfi=(53)
cfn=(174)
calls=1 225 
* 2411
* 1
+1 3
+8 3
+6 5

fl=(28)
fn=(78)
82 10
-4 40
+7 10
+1 30
fi=(29)
-30 10
cfi=(28)
cfn=(82)
calls=10 -21 
* 273
fe=(28)

fn=(148)
97 15
-2 1
+6 5
cfi=(45)
cfn=(140)
calls=1 +40 
* 12
+1 1
+2 2

fn=(82)
35 132
+1 99
+11 96
+3 32
-3 32
+3 64
-3 2
+3 1
-3 1
+3 126
+18 33
+1 33
+2 132
-16 8
+1 4
+2 2
+1 14
cfi=(61)
cfn=(204)
calls=2 -12 
* 16
* 2
+2 4
+2 4
+2 2
+4 2
-4 4
-23 1
-1 1
+1 1
+1 2
-2 2

fl=(130)
fn=(468)
561 3
+3 1
+2 2
+13 1
cfn=(472) _dlfo_process_initial
calls=1 474 
* 94
+1 1
-1 1
+1 1
fi=(29)
56 1
cfi=(28)
cfn=(82)
calls=1 -21 
* 24
fe=(130)
580 1
fi=(29)
56 1
fe=(130)
582 2
+3 2
+5 1
+1 1
cfn=(472)
calls=1 474 
* 337
+3 3
+10 4
-37 2
cfi=(131) ./elf/./dl-find_object.h
cfn=(470) _dl_find_object_from_map
calls=1 95 
* 68
* 1
+29 2
cfn=(474) _dlfo_sort_mappings
calls=1 -59 
* 127
+3 6
+2 1

fn=(472)
474 2
+3 2
-3 2
+1 2
+3 4
+26 14
+1 6
+1 10
-1 20
+3 36
+3 32
-7 8
+25 2
+2 8
-18 24
+3 8
-1 8
cfi=(131)
cfn=(470)
calls=4 95 
* 227
+2 16

fn=(474)
537 2
+3 4
+4 1
+1 1
-1 1
+1 2
-1 2
+1 2
-1 2
+1 10
+1 36
-1 18
+8 9
+1 6
-1 3
-13 6
+14 9
+1 6
-15 6
+17 1

fl=(61)
fn=(204)
47 16
+3 32
+8 64
+2 16

fl=(143)
fn=(512)
46 63
+2 45
+1 9
+6 9
fi=(225) ./elf/../sysdeps/x86_64/dl-runtime.h
-27 9
fe=(143)
+21 9
+5 9
+1 9
-6 9
+6 18
+1 9
+2 9
-2 9
+2 9
-2 45
+7 18
+4 18
+4 27
+4 27
+1 36
+1 27
+8 9
-1 9
+1 18
+10 90
cfi=(78)
cfn=(288)
calls=9 756 
* 5247
* 9
+4 45
+10 90
+15 36
+9 27
+26 27
fi=(5)
+61 9
fe=(143)
-57 54
-1 18

fl=(42)
fn=(124)
33 21
+1 21
+1 21
+1 21
+1 21
+1 21
+1 21
+1 21
+1 21
+1 21
+1 21
+1 21
+1 21
+1 21
+1 21
+1 21
+1 21
+1 16
+4 16
+1 16
+1 16
+1 16
+2 16
+4 5
+1 5
+1 5
+1 5
+1 5
+1 5
+1 5
+1 5
+1 5
+1 5
+1 5
+1 5
+1 5
+1 5
+1 5
+1 5
+1 5
+1 5
+1 5
+1 5
+1 5
+1 5
+1 5
+1 5
+52 5
+4 5
+1 5
+1 5
+1 5
+2 5

fl=(60)
fn=(202)
154 24
-55 48
+70 53
+1 5
-2 38
+1 38

fl=(131)
fn=(470)
95 10
+1 10
+1 5
+6 25
+1 133
+1 92
+2 15
+5 5

fl=(17)
fn=(44) update_active.constprop.0
43 7
+4 1
+28 1
+9 1
-27 1
-1 1
-1 1
+25 1
-4 1
-20 1
+20 1
-11 1
+22 1
-32 2
+25 1
-14 1
-10 1
+20 1
+7 1
-18 1
+15 1
+8 1
-14 1
+27 1
-36 1
+18 1
+4 1
-4 1
+5 1
+4 1
+1 1
-19 1
+13 1
+5 2
-27 1
+28 2
+1 1
+7 1
-27 1
+6 1
+14 1
-11 1
+18 1
-7 1
-7 1
+5 1
+3 1
+2 1
-2 1
+3 1
-1 2
+1 2
+3 2
-4 1
+4 1
+8 2
+4 2
+2 4
+96 1
-1 2
+4 3
+4 1
-4 1
+4 1
+67 3
+4 3
fi=(19)
31 1
-3 1
+3 1
-1 2
fe=(17)
296 1
+1 8
-75 3
+1 2
+3 1
-1 1
+9 1
-5 1
+2 1
-2 1
+5 1
fi=(19)
32 3
+4 3
fe=(17)
+83 2
+2 1
+3 2
+10 1
+10 2
-10 1
+10 1
-10 2
+6 4
+2 4
+7 4
+49 1
+12 1
-12 2
fi=(19)
39 3
+1 4
+5 1
-7 1
+7 3
+2 1
+1 2
+3 5
+2 4
+1 2
+1 2
+6 1
-4 1
+4 1
-3 2
fe=(17)
+73 1
-5 2
+4 1

fn=(38)
399 1
+16 1
-16 6
+3 1
+1 1
+1 1
+11 2
+3 6
687 3
+1 1
+3 2
+1 1
+6 1
+1 1
+1 1
+1 1
fi=(20)
+5 1
+1 1
+2 1
+14 2
851 1
+1 1
-4 1
+39 1
-38 1
+2 1
+2 1
-1 1
+2 1
+34 1
-35 1
+2 1
+33 1
+22 1
-56 1
+2 1
-6 1
+61 1
-56 1
+1 1
+1 1
+1 1
+1 1
+51 1
+26 2
+8 2
-8 1
+8 3
cfi=(11)
cfn=(28)
calls=1 408 
* 20
* 1
+5 2
-3 2
+3 2
cfi=(11)
cfn=(28)
calls=1 408 
* 20
* 1
+5 2
-3 2
+3 2
cfi=(11)
cfn=(28)
calls=1 408 
* 20
* 1
+1 5
-56 7
+72 1
-12 5
+10 1
-10 1
cfi=(11)
cfn=(28)
calls=1 408 
* 20
* 1
+7 2
-5 2
+5 2
cfi=(11)
cfn=(28)
calls=1 408 
* 20
+3 3
-3 1
+3 3
-3 1
+3 2
cfi=(11)
cfn=(58)
calls=1 158 
* 45
+1 8
cfi=(11)
cfn=(58)
calls=1 158 
* 45
+1 10
cfi=(11)
cfn=(58)
calls=1 158 
* 45
+3 10
cfi=(11)
cfn=(58)
calls=1 158 
* 45
+2 9
cfi=(11)
cfn=(58)
calls=1 158 
* 45
+10 2
+7 1
+3 1
-1 1
fe=(17)
706 2
fi=(20)
986 1
+6 1
-6 1
+10 1
-2 1
+3 1
fe=(17)
706 1
fi=(20)
995 1
fe=(17)
706 1
cfi=(11)
cfn=(28)
calls=1 408 
* 18
+4 3
+14 1
-1 2
+1 3
+47 1
-1 1
+1 1
874 8
fi=(20)
+44 10
fe=(17)
775 3
+27 1
+72 1
-82 2
+1 3
+2 3
+1 2
+2 1
+1 1
-1 3
fi=(20)
-73 2
cfn=(50)
calls=1 255 
* 450
+1 1
-1 1
+1 1
cfn=(50)
calls=1 255 
* 494
+1 1
-1 2
+1 1
cfn=(50)
calls=1 255 
* 521
+4 1
-4 2
+1 1
+3 1
cfn=(50)
calls=1 255 
* 469
+2 1
-2 1
+2 1
cfn=(50)
calls=1 255 
* 461
+3 1
-2 1
-1 1
+3 1
cfn=(50)
calls=1 255 
* 441
+2 1
-2 1
+2 1
cfn=(50)
calls=1 255 
* 442
+3 1
-2 1
-1 1
+3 1
cfn=(50)
calls=1 255 
* 485
+2 1
-2 1
+2 1
cfn=(50)
calls=1 255 
* 486
+3 1
-2 1
-1 1
+3 1
cfn=(50)
calls=1 255 
* 512
+2 1
-2 1
+2 1
cfn=(50)
calls=1 255 
* 513
+2 1
-2 1
+2 1
cfn=(50)
calls=1 255 
* 819
+2 4
-2 1
+2 1
cfn=(56)
calls=1 481 
* 229
873 2
+6 2
-6 2
+6 4
-1 1
-5 6
fe=(17)
424 6
cfn=(40) get_common_indices.constprop.0
calls=1 -99 
* 71
303 3
+1 2
+1 6
+5 2
429 1
cfn=(44)
calls=1 43 
* 187
+2 1
+2 1
701 1
431 2
564 2
+7 2
+2 1
+4 2
+6 2
+2 1
422 2
-3 1
311 6
+5 2
+1 7
433 4
+1 4
+69 1
+10 9
+42 1
+1 1
434 11
+55 3

fn=(40)
325 1
+4 4
+3 3
+5 2
-5 1
+5 1
-5 1
+4 1
+1 1
+1 4
+1 4
+1 3
+1 2
+7 2
+2 5
+5 1
-5 1
+5 1
-5 1
+5 1
-5 2
+5 1
+7 1
-7 4
+7 1
+1 3
+6 1
-6 4
+6 1
fi=(18) ./elf/../sysdeps/unix/sysv/linux/x86/dl-minsigstacksize.h
24 2
+3 2
+1 2
+37 3
+7 1
+2 1
fe=(17)
384 2

fl=(9)
fn=(18) _dl_sysdep_parse_arguments
78 1
+2 1
-2 4
+1 1
+1 1
-1 1
+2 2
+2 1
-2 1
+2 2
-1 1
+1 2
-1 56
+1 112
+7 2
-4 1
+4 54
fi=(10) ./elf/../sysdeps/unix/sysv/linux/dl-parse_auxv.h
-49 1
-9 1
fe=(9)
+54 1
fi=(10)
-54 1
+1 1
+1 1
+7 3
+1 40
+1 40
-2 81
fe=(9)
+52 1
+1 1
+1 1
fi=(10)
-49 1
+1 2
+1 1
+1 1
+1 1
+1 1
+1 1
+2 1
-5 1
-2 1
+1 1
+2 1
+1 1
+3 1
-9 1
+1 1
+6 1
fe=(9)
+42 1
-1 1
+2 1
+1 5

fn=(16)
102 3
+1 1
+3 2
cfn=(18)
calls=1 -28 
* 442
+4 2
cfi=(11)
cfn=(22)
calls=1 282 
* 28843
+3 1
cfi=(13)
cfn=(26)
calls=1 295 
* 30
+2 2
cfi=(14) ./elf/../sysdeps/unix/sysv/linux/brk_call.h
cfn=(30) brk
calls=1 -91 
* 7
fi=(5)
+91 1
cfi=(16)
cfn=(36)
calls=1 39 
* 7300
fe=(9)
-84 3
+1 1
cfi=(23)
cfn=(66)
calls=1 -22 
* 16
* 1
+2 2
cfi=(24)
cfn=(68)
calls=1 -88 
* 14
* 3
+12 3
+3 5
cfi=(2)
cfn=(70)
calls=1 1357 
* 120451
+3 4

fn=(518)
148 1

fl=(33)
fn=(98)
131 243
+1 243
+2 243
+1 243
+21 243
+1 243
+1 224
+1 224
+1 175
+1 175
+1 175
+1 175
+17 175
+1 175
+1 175
+1 175
+1 175
+1 175
+1 175
+5 12
+1 12
+9 12
+1 12
+1 12
+1 12
+1 12
+1 12
+1 12
+1 12
-7 68
+1 68
+1 68
+1 68
+1 68
+1 68
+1 68
+1 68
+1 75
+1 35
+1 35
+1 35
+2 35
+1 35
+1 35
+1 35
+1 35
+1 35
-5 40
+1 40
+1 40
+1 40
+1 40
+1 40
+10 5
+1 5
+1 5
+2 5
+6 5
+1 5
+1 5
+1 5
+1 5
+5 5
+2 5
+1 5
+1 10
+8 5
+1 5
+3 5
+1 5
+1 5
+1 5
+1 5
+1 5
424 1
+1 1
+1 1
+1 1
+1 1
+2 1
+1 1
+1 1
+1 1
+1 1
+1 1
+1 1
+1 1
+3 1
+1 1
+1 1
+6 1
+1 1
+1 2
+4 1
+1 1
+3 1
+1 1
+1 1
+2 1
+1 1
+1 1
+4 1
+1 1
+1 1
+1 1
+1 1
+1 1
+69 1
+1 1
+1 1
+1 1
+1 1
+2 1
+1 1
+1 1
+1 1
+1 1
+1 1
+1 1
+1 1
+4 1
+1 1
+1 1
+6 1
+1 1
+1 2
+4 1
+1 1
+3 1
+1 1
+1 1
+2 1
+1 1
+1 1
+4 1
+1 1
+1 1
+1 1
+1 1
+1 1
+69 1
+1 1
+1 1
+1 1
+1 1
+2 1
+1 1
+1 1
+1 1
+1 1
+1 1
+1 1
+1 1
+4 1
+1 1
+1 1
+6 1
+1 1
+1 2
+4 1
+1 1
+3 1
+1 1
+1 1
+2 1
+1 1
+1 1
+4 1
+1 1
+1 1
+1 1
+1 1
+1 1
+69 1
+1 1
+1 1
+1 1
+1 1
+2 1
+1 1
+1 1
+1 1
+1 1
+1 1
+1 1
1018 3
+1 3
+1 3
+1 3
+1 3
+2 3
+1 3
+1 3
+1 3
+1 3
+1 3
+1 3
1137 2
+1 2
+1 2
+1 2
+1 2
+2 2
+1 2
+1 2
+1 2
+1 2
+1 2
+1 2
+1 1
+4 1
+1 1
+1 1
+6 1
+1 1
+1 2
+4 1
+1 1
+3 1
+1 1
+1 1
+2 1
+1 1
+1 1
+4 1
+1 1
+1 1
+1 1
+1 1
+1 1
+69 4
+1 4
+1 4
+1 4
+1 4
+2 4
+1 4
+1 4
+1 4
+1 4
+1 4
+1 4
+1 2
+4 2
+1 2
+1 2
+6 2
+1 2
+1 4
+4 2
+1 2
+3 2
+1 2
+1 2
+2 2
+1 2
+1 2
+4 2
+1 2
+1 2
+1 2
+1 2
+1 2
+69 20
+1 20
+1 20
+1 20
+1 20
+2 20
+1 20
+1 20
+1 20
+1 20
+1 20
+1 20
+1 14
+4 14
+1 14
+1 14
+6 14
+1 14
+1 28
+4 14
+1 14
+3 14
+1 14
+1 14
+2 14
+1 14
+1 14
+4 14
+1 14
+1 14
+1 14
+1 14
+1 14
+69 1
+1 1
+1 1
+1 1
+1 1
+2 1
+1 1
+1 1
+1 1
+1 1
+1 1
+1 1
1613 4
+1 4
+1 4
+1 4
+1 4
+2 4
+1 4
+1 4
+1 4
+1 4
+1 4
+1 4
+1 2
+4 2
+1 2
+1 2
+6 2
+1 2
+1 4
+4 2
+1 2
+3 2
+1 2
+1 2
+2 2
+1 2
+1 2
+4 2
+1 2
+1 2
+1 2
+1 2
+1 2
+69 3
+1 3
+1 3
+1 3
+1 3
+2 3
+1 3
+1 3
+1 3
+1 3
+1 3
+1 3
+1 1
+4 1
+1 1
+1 1
+6 1
+1 1
+1 2
+4 1
+1 1
+3 1
+1 1
+1 1
+2 1
+1 1
+1 1
+4 1
+1 1
+1 1
+1 1
+1 1
+1 1
+7 1
+1 1
+2 1
+1 1
+2 1
+1 1
+1 1
+2 1
+1 1
+1 1
+4 1
+1 1
+1 1
+1 1
+1 1
+1 1
+41 17
+1 17
+1 17
+1 17
+1 17
+2 17
+1 17
+1 17
+1 17
+1 17
+1 17
+1 17
+1 4
+4 4
+1 4
+1 4
+6 4
+1 4
+1 8
+4 4
+1 4
+3 4
+1 4
+1 4
+2 4
+1 4
+1 4
+4 4
+1 4
+1 4
+1 4
+1 4
+1 4
+7 1
+1 1
+2 1
+1 1
+2 1
+1 1
+1 1
+2 1
+1 1
+1 1
+4 1
+1 1
+1 1
+1 1
+1 1
+1 1
+41 17
+1 17
+1 17
+1 17
+1 17
+2 17
+1 17
+1 17
+1 17
+1 17
+1 17
+1 17
+2 6
+4 6
+1 6
+1 6
+6 6
+1 6
+2 12
+4 6
+1 6
+3 6
+1 6
+1 6
+2 6
+1 6
+1 6
+4 6
+1 6
+1 6
+1 6
+1 6
+1 6
+71 38
+2 38
+1 38
+1 38
+1 38
-3 42
+1 42
+1 42
+1 42
+1 70
+5 35
+6 35
+1 35
+8 35
+1 35
-16 208
+6 208
+1 208
+8 208
+1 208

fn=(264)
125 1
+1 1
+1 1
+1 1
+1 1
+2 1
+1 1
+2 1
+1 1
+21 1
+1 1
+1 1
+1 1
+1 1
+1 1
+1 1
+1 1
+17 1
+1 1
+1 1
+1 1
+1 1
+1 1
+1 1
2104 1
+3 1
+1 1
+2 1
+1 1
+8 1
+1 1

fl=(66)
fn=(218)
27 7
+4 1

fl=(14)
fn=(30)
24 2
fi=(15) ./elf/../sysdeps/unix/sysv/linux/brk.c
+13 1
+1 2
+6 1
+1 1
fe=(14)

fl=(8)
fn=(14)
28 5
-3 5
+3 10
+3 15
+1 10
+2 5
-1 5
+3 15
+1 5
+1 10
+7 5
-5 5
-2 5
+3 10
+2 5
+2 10
+5 5

fl=(73)
fn=(248)
30 27
+4 3
+1 6
+10 6
+18 3
-17 3
+17 9

fl=(214) ./elf/./elf/dl-fini.c
fn=(816) _dl_fini
26 4
+17 1
-17 6
+20 9
+3 2
cob=(3)
cfi=(215) ./nptl/./nptl/pthread_mutex_lock.c
cfn=(818) pthread_mutex_lock@@GLIBC_2.2.5
calls=1 +31 
* 39
+2 1
+3 2
+2 5
+7 3
+10 1
-12 1
+2 1
cfi=(50)
cfn=(520)
calls=1 -18 
* 8
+5 6
+5 1
-5 1
+5 2
+2 10
+2 10
+2 10
+1 5
+1 5
+4 5
-12 15
+14 6
+1 4
+6 6
cfi=(13)
cfn=(252)
calls=1 304 
* 380
+9 2
cob=(3)
cfi=(216) ./nptl/./nptl/pthread_mutex_unlock.c
cfn=(820) pthread_mutex_unlock@@GLIBC_2.2.5
calls=1 368 
* 35
+5 6
+2 1
+2 2
+2 4
cfi=(217)
cfn=(824)
calls=1 -90 
* 605

ob=(3)
fl=(153) ./misc/../sysdeps/unix/sysv/linux/brk_call.h
fn=(570) brk
24 4
fi=(154) ./misc/../sysdeps/unix/sysv/linux/brk.c
+13 4
+1 4
+6 2
+1 2
fe=(153)

fl=(205) ./io/../sysdeps/unix/sysv/linux/fstatat64.c
fn=(774) fstatat
154 1
-55 2
+70 3
+1 1

fl=(100)
fn=(344)
37 4
-1 2
fi=(101) ./string/../sysdeps/x86_64/multiarch/strcasecmp.c
-5 2
fe=(100)
+7 3
+3 2
+4 3
+3 4

fn=(356)
37 4
-1 2
fi=(105) ./string/../sysdeps/x86_64/multiarch/strncase_l.c
-5 2
fe=(100)
+7 3
+3 2
+4 3
+3 4

fn=(402)
37 4
-1 2
fi=(117) ./string/../sysdeps/x86_64/multiarch/strncase.c
-5 2
fe=(100)
+7 3
+3 2
+4 3
+3 4

fn=(378)
37 4
-1 2
fi=(112) ./string/../sysdeps/x86_64/multiarch/strcasecmp_l.c
-5 2
fe=(100)
+7 3
+3 2
+4 3
+3 4

fl=(160) ./gmon/../sysdeps/unix/sysv/linux/prof-freq.c
fn=(590) __profile_frequency
27 2
+1 1

fl=(165) ./misc/./misc/init-misc.c
fn=(616) __init_misc
31 2
-1 4
+1 3
+2 3
cfi=(166) ./string/../sysdeps/x86_64/multiarch/strrchr-avx2.S
cfn=(620) __strrchr_avx2
calls=1 +21 
* 21
* 1
+4 5
+1 3
+2 4

fl=(138) ./ctype/./ctype/ctype-info.c
fn=(496) __ctype_init
31 7
+2 4
+2 4
+1 1

fl=(189) ./nptl/./nptl/libc-cleanup.c
fn=(794) __libc_cleanup_pop_restore
55 1000
+2 2000
+2 1000
+1 3000
+11 1000

fn=(726) __libc_cleanup_push_defer
25 1000
+2 2000
+2 2000
+3 2000
+14 3000
+2 1000
+1 1000

fl=(161) ./time/../sysdeps/unix/sysv/linux/setitimer.c
fn=(592) setitimer
31 8
+29 2

fl=(203) ./libio/./libio/filedoalloc.c
fn=(768) _IO_file_doallocate
78 8
+6 4
fi=(207) ./libio/./libio/libioP.h
940 3
+2 2
+1 2
fe=(203)
84 3
cfi=(190) ./libio/./libio/fileops.c
cfn=(770) _IO_file_stat
calls=1 1147 
* 15
* 2
+2 4
+11 4
+4 2
cob=(2)
cfi=(52)
cfn=(776) 0x0000000004955368
calls=1 0 
* 161
* 1
+1 2
+2 4
cfi=(202) ./libio/./libio/genops.c
cfn=(780) _IO_setb
calls=1 329 
* 27
+1 1
+1 8
-15 1
fi=(226) ./libio/../include/sys/sysmacros.h
-44 6
fe=(203)
+44 1
-2 2
+5 2

fl=(103)
fn=(352)
38 2
+1 1
-1 2
+1 2
+3 2
+4 3
+3 3
fi=(104) ./string/../sysdeps/x86_64/multiarch/strcat.c
-20 1
fe=(103)

fn=(374)
38 2
+1 1
-1 2
+1 2
+3 2
+4 3
+3 3
fi=(111) ./string/../sysdeps/x86_64/multiarch/strcpy.c
-20 1
fe=(103)

fn=(390)
38 2
+1 1
-1 2
+1 2
+3 2
+4 3
+3 3
fi=(115) ./string/../sysdeps/x86_64/multiarch/stpcpy.c
-16 1
fe=(103)

fl=(170) ./csu/../sysdeps/nptl/libc_start_call_main.h
fn=(660) (below main)
29 2
+15 1
-15 5
+15 1
cfi=(171) ./setjmp/../sysdeps/x86_64/bsd-_setjmp.S
cfn=(662) _setjmp
calls=1 -14 
* 28
+2 2
+5 2
+1 2
+3 2
+3 6
cob=(5)
cfi=(174)
cfn=(668)
calls=1 -42 
* 2074188367
+16 2
cfi=(212) ./stdlib/./stdlib/exit.c
cfn=(810) exit
calls=1 +71 
* 1270

fl=(219) ./stdlib/./stdlib/getenv.c
fn=(840) getenv
34 7
+4 8
+3 1
+10 1
-10 1
+50 9
-26 1
cfi=(200) ./string/../sysdeps/x86_64/multiarch/strlen-avx2.S
cfn=(754) __strlen_avx2
calls=1 * 
* 13
* 1
+8 1
-6 1
-2 1
+7 1
+3 230
+9 114

fl=(212)
fn=(812) __run_exit_handlers
40 10
+5 2
+3 5
+11 1
+2 2
+40 2
-32 3
+2 1
+1 1
-1 1
+3 7
+35 1
+1 1
-2 1
+4 1
+3 1
-3 2
+3 3
+1 3
cob=(1)
cfi=(214)
cfn=(816)
calls=1 -90 
* 1204
-70 1
cfi=(213) ./stdlib/./stdlib/cxa_thread_atexit_impl.c
cfn=(814) __call_tls_dtors
calls=1 149 
* 11
* 1

fn=(810)
145 1
+1 4
cfn=(812)
calls=1 40 
* 1265

fl=(116)
fn=(406)
38 5
-1 2
+2 3
+6 2
-3 2
+9 3
+3 4
fi=(227) ./string/../sysdeps/x86_64/multiarch/rawmemchr.c
-23 1
fe=(116)

fn=(396)
38 5
-1 2
+2 3
+6 2
-3 2
+9 3
+3 4
fi=(228) ./string/../sysdeps/x86_64/multiarch/memchr.c
-25 1
fe=(116)

fl=(216)
fn=(820)
368 2
cfn=(822) __pthread_mutex_unlock_usercnt
calls=1 51 
* 33

fn=(822)
51 3
+1 2
-4 1
+9 2
+5 1
+1 2
+2 1
-26 1
+1 4
+1 1
+31 1
+32 2
-30 2
+6 4
+4 3
+3 3

fl=(151) ./malloc/./malloc/morecore.c
fn=(566) __glibc_morecore
26 4
-1 2
+4 2
cfi=(152) ./misc/./misc/sbrk.c
cfn=(568) sbrk
calls=2 +8 
* 62
+1 4
+4 4

fl=(167)
fn=(622)
84 4
+1 3
+1 3
+2 1

fl=(147)
fn=(836) _mcleanup
454 1
110 5
cfi=(156) ./gmon/../sysdeps/posix/profil.c
cfn=(582) profil
calls=1 -44 
* 94
+2 2
457 1
113 1
457 2
+1 1
cfn=(838) write_gmon
calls=1 -89 
* 425

fn=(580) moncontrol
97 1
+4 6
+3 5
cfi=(156)
cfn=(582)
calls=1 -38 
* 147
+1 1
+10 2

fn=(838)
369 1
+4 1
-4 10
+4 1
cfi=(219)
cfn=(840)
calls=1 34 
* 390
+1 2
+10 5
cfi=(220) ./io/../sysdeps/unix/sysv/linux/open64_nocancel.c
cfn=(842) __open_nocancel
calls=1 28 
* 15

fn=(544)
137 2
-15 1
+22 1
-22 1
+22 1
-22 2
+23 2
+1 2
-24 1
+27 5
+11 1
+1 2
+2 2
+4 2
-23 1
+1 1
+1 1
+3 1
+1 1
+7 1
+2 1
+3 1
+3 1
+2 1
cfi=(148)
cfn=(550) calloc
calls=1 3619 
* 10397
cob=(1)
cfi=(142)
cfn=(510)
calls=1 -91 
* 629
* 5
+1 2
+8 1
+7 1
-8 1
+2 1
+7 1
-6 1
+3 1
+21 1
-24 1
+6 2
+3 10
+18 1
-1 1
+1 4
-1 1
cfn=(580)
calls=1 97 
* 162
-44 4
+5 3

fl=(201) ./string/../sysdeps/x86_64/multiarch/memmove-vec-unaligned-erms.S
fn=(758) __mempcpy_avx_unaligned_erms
251 4000
+1 4000
+1 4000
+17 4000
+1 4000
+42 4000
+1 4000
+2 4000
+1 4000
+2 4000
+4 4000
+1 4000
+1 4000
+1 4000
+1 4000
+4 4000
+2 4000

fl=(149) ./malloc/./malloc/arena.c
fn=(554) ptmalloc_init.part.0
313 1
fi=(148)
3156 3
fe=(149)
313 5
+5 1
fi=(148)
3156 2
cfi=(150) ./stdlib/../sysdeps/unix/sysv/linux/getrandom.c
cfn=(556) getrandom
calls=1 29 
* 7
* 2
fe=(149)
343 2
+4 3
fi=(148)
1960 4
+3 1
-3 1
+3 2
-3 2
+3 126
-3 126
+3 252
-3 252
fe=(149)
352 3
fi=(148)
1971 1
+1 1
+2 1
fe=(149)
352 1
cob=(1)
cfi=(11)
cfn=(28)
calls=1 +56 
* 20
* 1
+1 4
cob=(1)
cfi=(11)
cfn=(28)
calls=1 +55 
* 19
* 1
+1 4
cob=(1)
cfi=(11)
cfn=(28)
calls=1 +54 
* 20
* 1
+1 4
cob=(1)
cfi=(11)
cfn=(28)
calls=1 +53 
* 20
* 1
+1 4
cob=(1)
cfi=(11)
cfn=(28)
calls=1 +52 
* 19
* 1
+1 4
cob=(1)
cfi=(11)
cfn=(28)
calls=1 +51 
* 20
* 1
+1 4
cob=(1)
cfi=(11)
cfn=(28)
calls=1 +50 
* 20
* 1
+2 4
cob=(1)
cfi=(11)
cfn=(28)
calls=1 +48 
* 20
* 1
+1 4
cob=(1)
cfi=(11)
cfn=(28)
calls=1 +47 
* 20
* 1
+1 4
cob=(1)
cfi=(11)
cfn=(28)
calls=1 +46 
* 20
* 1
+3 4
cob=(1)
cfi=(11)
cfn=(28)
calls=1 +43 
* 20
* 1
+1 4
cob=(1)
cfi=(11)
cfn=(28)
calls=1 +42 
* 20
* 1
+1 2
+63 7

fl=(195) ./nptl/./nptl/alloca_cutoff.c
fn=(740) __libc_alloca_cutoff
28 18000
+7 2000

fl=(81)
fn=(300)
61 1
+3 3
+2 1
+1 1
-1 2
+7 3
+2 1
+1 1
-1 2
+5 2
+2 2
+1 2
+1 2
+2 2
fi=(82) ./string/../sysdeps/x86/cacheinfo.c
* 2
fe=(81)

fl=(173) ./setjmp/./setjmp/sigjmp.c
fn=(666) __sigjmp_save
28 2
+2 2
-1 1
+5 3

fl=(114)
fn=(388)
34 5
+1 2
+1 2
+1 3
+3 2
+4 3
+3 4
fi=(229) ./wcsmbs/../sysdeps/x86_64/multiarch/wmemcmp.c
-18 2
fe=(114)

fl=(156)
fn=(708) __profil_counter
42 3156
+5 2104
-5 1052
+5 5260
+2 2104
+1 602
fi=(185) ./gmon/../sysdeps/unix/sysv/linux/profil-counter.h
-18 1052
fe=(156)

fn=(582)
66 12
+12 6
-3 8
+13 2
+16 1
+5 1
+8 2
-13 1
-1 1
+1 1
+13 1
-12 1
+1 1
+3 1
+6 1
fi=(230) ./gmon/../sysdeps/unix/sysv/linux/sigsetops.h
-53 1
fe=(156)
+55 1
cfi=(157) ./signal/./signal/sigaction.c
cfn=(584) sigaction
calls=1 -90 
* 80
* 2
+3 1
+1 1
cfi=(160)
cfn=(590)
calls=1 -94 
* 3
* 1
+2 2
-2 3
+2 1
-2 2
+1 2
+1 1
cfi=(161)
cfn=(592)
calls=1 -92 
* 5
+1 12
-46 2
+4 4
cfi=(161)
cfn=(592)
calls=1 -51 
* 5
* 2
+2 1
+1 3
+39 1
-39 2
+39 1
-39 1
+39 4
-39 1
cfi=(157)
cfn=(584)
calls=1 -58 
* 56

fl=(186)
fn=(718)
28 19000
+4 1000
+1 2000
-1 2000
+1 1000
-1 1000
+1 1000
-1 1000
+1 1000
-1 1000
+1 2000
cfi=(187) ./stdio-common/./stdio-common/vfprintf-internal.c
cfn=(720) __vfprintf_internal
calls=1000 684 
* 4181739
+4 5000

fl=(188) ./string/../sysdeps/x86_64/multiarch/strchr-avx2.S
fn=(724) __strchrnul_avx2
55 3000
+1 3000
+1 3000
+1 3000
+1 3000
+3 3000
+1 3000
+4 3000
+1 3000
+1 3000
+1 3000
+1 3000
+1 3000
+1 3000
+1 3000
+13 3000
+2 6000

fl=(190)
fn=(764) _IO_file_overflow@@GLIBC_2.2.5
731 53997
+1 17999
-1 17999
+1 35998
+7 107992
+37 17998
-2 35996
+3 33998
+3 50997
+1 50997
+1 67996
+4 16999
+1 67996
-45 2
+12 2
+9 3
+5 3
+2 2
-5 1
+5 1
+1 1
-5 1
+1 1
+4 4
+1 1
+2 2
+2 1000
-1 1000
+12 3000
-11 1000
-1 1000
cfn=(784) _IO_do_write@@GLIBC_2.2.5
calls=1000 425 
* 110003
-31 2
cfi=(202)
cfn=(766) _IO_doallocbuf
calls=1 344 
* 290
+1 1
+9 1
-9 5

fn=(770)
1147 2
cfi=(204) ./io/../sysdeps/unix/sysv/linux/fstat64.c
cfn=(772) fstat
calls=1 29 
* 13

fn=(786) new_do_write
431 1000
fi=(207)
940 1000
+2 1000
fe=(190)
431 1000
fi=(207)
940 1000
fe=(190)
431 2000
fi=(207)
940 1000
fe=(190)
431 6000
+12 1000
-10 2000
fi=(207)
942 2000
+1 2000
fe=(190)
448 4000
cfn=(790) _IO_file_write@@GLIBC_2.2.5
calls=1000 1173 
* 43003
+1 1000
-1 1000
+1 4000
+2 1000
+4 2000
-3 2000
-1 2000
+4 2000
-2 1000
+4 9000
-17 4000
+14 2000

fn=(790)
1173 6000
+2 4000
-1 2000
+6 1000
cfi=(208) ./io/../sysdeps/unix/sysv/linux/write.c
cfn=(792) write
calls=1000 26 
* 7003
+1 2000
+5 1000
+1 1000
-12 2000
+4 3000
+1 2000
+10 3000
+3 6000
-4 3000

fn=(784)
425 2000
-2 2000
+2 1000
cfn=(786)
calls=1000 +6 
* 99003
* 1000
+1 1000
-1 3000
+1 1000

fn=(728) _IO_file_xsputn@@GLIBC_2.2.5
1204 3000
-1 6000
-6 20000
+13 2000
+2 2000
-2 6000
+18 1000
+5 1000
+2 1000
+2 3000
-2 1000
cfi=(201)
cfn=(758)
calls=1000 251 
* 17000
* 1000
-2 1000
+2 1000
+2 3000
-2 1000
cfi=(201)
cfn=(758)
calls=1000 251 
* 17000
* 1000
+1 2000
+1 2000
-2 2000
+4 4000
+27 2000
+1 8000
-55 2000
+4 2000
-4 2000
+1 4000
+3 6000
+2 6000
+2 1000
+11 3000
+36 1000
-24 1000
fi=(207)
940 3000
+2 2000
+1 2000
fe=(190)
1243 3000
cfn=(764)
calls=1000 731 
* 133003
* 2000
+6 2000
+1 4000
+2 1000
-2 1000
+2 2000
+11 2000
+4 1000
-15 1000
+15 7000
-10 2000

fl=(166)
fn=(620)
54 1
+1 1
+2 1
+1 1
+4 1
+1 1
+1 1
+3 1
+2 1
+1 1
+1 1
+1 1
+3 1
+1 1
+2 1
+1 1
+1 1
+1 1
+1 1
+9 2

fl=(204)
fn=(772)
29 1
+1 2
+5 3
cfi=(205)
cfn=(774)
calls=1 154 
* 7

fl=(213)
fn=(814)
149 3
+1 4
+18 4

fl=(102)
fn=(350)
38 5
+6 1

fl=(202)
fn=(762) __overflow
199 33998
+2 50997
+2 16999
fi=(207)
940 50997
+2 33998
+1 33998
fe=(202)
203 16999
+1 33998
-1 16999
cfi=(190)
cfn=(764)
calls=16999 731 
* 561285

fn=(766)
344 2
-1 3
+3 4
+1 1
fi=(207)
940 3
+2 2
+1 2
fe=(202)
347 2
cfi=(203)
cfn=(768)
calls=1 78 
* 265
* 2
+3 4

fn=(780)
329 9
+1 4
+5 2
-3 1
+3 2
-2 1
+2 2
+3 6

fl=(164)
fn=(614)
46 3
+5 2
+4 5
+8 1
-2 1
+10 1
-9 1
+1 1
+9 2
-1 1
cfi=(165)
cfn=(616)
calls=1 -40 
* 46

fl=(155) ./string/../sysdeps/x86_64/multiarch/memset-vec-unaligned-erms.S
fn=(578) __memset_avx2_unaligned_erms
167 2
+5 1
+1 1
+1 1
+1 1
+1 1
+69 1
+1 1
+87 1
+1 1
+1 1
+1 8633
+1 1
+1 2

fl=(210) ./stdlib/./stdlib/mul.c
fn=(798) __mpn_mul
48 2384
+6 298
+12 298
+76 1639
-71 149
+1 298
+69 149
-60 596
cfi=(197) ./stdlib/../sysdeps/x86_64/mul_1.S
cfn=(746) __mpn_mul_1
calls=149 -49 
* 4768
* 447
+2 149
+1 149
+4 298

fl=(211) ./misc/../sysdeps/unix/syscall-template.S
fn=(808) munmap
117 4
+5 1

fl=(91)
fn=(400)
57 3
-1 2
+4 3
+14 2
+3 2
+8 2
+8 2
+3 5

fn=(322)
57 3
-1 2
+4 3
+14 2
+3 2
+8 2
+8 2
+3 5

fn=(394)
57 3
-1 2
+4 3
+14 2
+3 2
+8 2
+8 2
+3 5

fl=(152)
fn=(568)
37 2
+3 2
+3 2
-6 6
+3 2
+3 2
+35 5
-20 4
+1 2
cfi=(153)
cfn=(570)
calls=1 -35 
* 8
* 2
+4 1
-1 4
+4 4
+8 1
cfi=(153)
cfn=(570)
calls=1 -50 
* 8
* 2
+4 5

fl=(209) ./stdlib/../sysdeps/x86_64/rshift.S
fn=(796) __mpn_rshift
29 2009
+1 2009
+1 2009
+13 2009
+1 2009
+16 2009
+1 2009
+1 2009
+1 2009
+1 2009
+1 2009
+1 2009
+5 2009
+1 2009
+1 2009
+1 2009
+1 2009

fl=(176) ./gmon/./gmon/mcount.c
fn=(672) __mcount_internal
76 8
+9 2
+1 4
+11 1
+4 1
-4 1
+4 2
+6 1
-5 1
+1 2
+70 1
+1 1
-67 2
+1 1
-1 1
+1 1
+4 1
+1 2
+1 1
+1 1
+1 1
+57 1
+1 1

fl=(92)
fn=(324)
40 10
-2 4
fi=(93) ./wcsmbs/../sysdeps/x86_64/multiarch/wcschr.c
-7 4
fe=(92)
+10 4
+1 6
+3 4
+4 6
+3 10

fn=(334)
40 5
-2 2
fi=(96) ./wcsmbs/../sysdeps/x86_64/multiarch/wcscmp.c
-8 2
fe=(92)
+11 2
+1 3
+3 2
+4 3
+3 5

fl=(200)
fn=(754)
65 2001
+1 2001
+1 2001
+3 2001
+2 2001
+1 2001
+3 2001
+1 2001
+8 2001
+1 2001
+1 2001
+5 4002

fl=(220)
fn=(842)
28 1
+3 1
-3 4
+3 2
+3 2
+1 1
-1 3
+2 1

fl=(159) ./signal/../sysdeps/unix/sysv/linux/libc_sigaction.c
fn=(588) __libc_sigaction
43 10
+5 4
+2 2
+1 2
+7 2
-7 8
-1 2
+1 6
+2 2
-2 4
+7 2
-7 2
+2 2
-2 2
+2 6
+5 6
-7 8
+7 12
+5 6
+2 1
+1 4
-1 1
+2 1
-1 6
+1 1
+1 1
-2 2
+2 1
-2 4
+5 12

fl=(83)
fn=(370)
40 5
-2 2
fi=(110) ./string/../sysdeps/x86_64/multiarch/strchrnul.c
-7 2
fe=(83)
+10 2
+1 3
+3 2
+4 3
+3 5

fn=(366)
40 5
-2 2
fi=(109) ./string/../sysdeps/x86_64/multiarch/memrchr.c
-9 2
fe=(83)
+12 2
+1 3
+3 2
+4 3
+3 5

fn=(382)
40 5
-2 2
fi=(113) ./string/../sysdeps/x86_64/multiarch/strlen.c
-9 2
fe=(83)
+12 2
+1 3
+3 2
+4 3
+3 5

fn=(330)
40 5
-2 2
fi=(95) ./string/../sysdeps/x86_64/multiarch/strrchr.c
-10 2
fe=(83)
+13 2
+1 3
+3 2
+4 3
+3 5

fn=(304)
40 10
-2 4
fi=(84) ./string/../sysdeps/x86_64/multiarch/strnlen.c
-7 4
fe=(83)
+10 4
+1 6
+3 4
+4 6
+3 10

fl=(85)
fn=(308)
36 5
fi=(231) ./string/../sysdeps/x86_64/multiarch/strpbrk.c
-7 1
fe=(85)

fn=(398)
36 5
fi=(232) ./string/../sysdeps/x86_64/multiarch/strspn.c
-7 1
fe=(85)

fn=(348)
36 5
fi=(233) ./string/../sysdeps/x86_64/multiarch/strcspn.c
-7 1
fe=(85)

fl=(194) ./stdlib/../sysdeps/x86_64/lshift.S
fn=(738) __mpn_lshift
29 2000
+1 2000
+2 2000
+1 2000
+1 2000
+12 2000
+1 2000
+1 2000
+1 2000
+1 2000
+1 2000
+1 2000
+6 2000
+1 2000
+1 2000

fl=(99)
fn=(342)
44 4
-1 2
+24 2
-22 3
+3 2
+4 3
+3 4

fl=(191) ./stdio-common/./stdio-common/printf_fp.c
fn=(744) hack_digit
170 56164
+3 69549
+2 13728
+2 27456
-2 27456
+2 13728
+1 41184
-1 13728
+1 13728
cfi=(197)
cfn=(746)
calls=13728 32 
* 274560
* 13728
+31 13728
+1 68640
-37 82278
+37 1565

fn=(730) __printf_fp
1279 2000
-1 2000
+1 8000
cfn=(732) __printf_fp_l
calls=2000 216 
* 3382737

fn=(732)
216 24000
+82 2000
-82 8000
+50 2000
-9 2000
+17 2000
-8 8000
+11 4000
fi=(192) ./stdio-common/../include/../locale/localeinfo.h
+54 4000
fe=(191)
-51 2000
fi=(192)
+51 2000
fe=(191)
-51 2000
+18 4000
+43 2000
234 2000
-1 2000
388 2000
-1 4000
+5 4000
1272 24000
396 14000
+36 2000
-44 2000
+57 2000
-13 8000
+1 2000
+1 4000
+3 10000
+1 4000
+1 2000
-2 2000
+2 2000
-1 2000
-1 2000
+2 2000
-1 2000
+1 2000
+7 4000
831 2000
+10 2000
-10 2000
+10 2000
+6 2000
-16 2000
+10 4000
+6 2000
-6 4000
+2 4000
+10 4000
+48 3918
396 12000
cfi=(193) ./stdlib/../sysdeps/ieee754/dbl-64/dbl2mpn.c
cfn=(736) __mpn_extract_double
calls=2000 35 
* 42001
* 8000
+4 2000
649 4000
825 164
cfi=(194)
cfn=(738)
calls=41 29 
* 615
* 41
+1 205
+1 82
+13 1959
+76 1959
-1 5877
+1 41
-1 123
+7 2000
fi=(196) ./stdio-common/../sysdeps/pthread/allocalim.h
27 4000
cfi=(195)
cfn=(740)
calls=2000 +1 
* 20000
+2 6000
fe=(191)
932 2000
-8 2000
+8 10000
+1 2000
+3 2000
-3 2000
+3 7918
+3 410
+3 123
cfn=(744)
calls=41 170 
* 1845
* 41
-3 82
+3 164
-1 41
+5 246
+2 82
-4 41
+4 41
+14 82
-2 82
+1 123
+1 41
+1 82
-1 3918
-2 3918
+1 5877
+1 1959
+1 3918
+3 12000
-1 12000
+2 12000
-1 12000
cfn=(744)
calls=12000 170 
* 624000
* 12000
+3 38724
-7 12000
+1 32000
+15 8000
+1 8000
cfn=(744)
calls=2000 170 
* 105375
+2 6000
-2 2000
+2 10000
+2 1164
+3 776
-4 347
fi=(198) ./stdio-common/../sysdeps/generic/get-rounding-mode.h
94 347
+1 1388
-1 1653
+1 12612
fi=(199) ./stdio-common/../include/rounding-mode.h
-43 4991
fe=(191)
1097 2973
+7 1982
+3 6000
+13 6000
+46 4000
+2 2000
-2 2000
+2 6000
+2 2000
-2 2000
+2 2000
-2 2000
-2 4000
+2 1998
+2 6993
fi=(199)
49 1312
fe=(191)
1008 2018
-5 2018
+5 1009
-1 1009
+1 2318
+2 60
-2 120
+3 60
-3 120
+5 3027
+2 3027
+2 2018
+80 3027
-69 2018
+69 3027
+69 2002
+9 2002
+2 2002
+18 6000
+5 6000
cfi=(200)
cfn=(754)
calls=2000 65 
* 26000
* 2000
+2 4000
-2 2000
+2 4000
+5 6000
+2 4000
+11 10000
+1 4000
+6 26000
+3 28000
+3 28000
-6 42000
+1 48000
+1 4000
-2 2000
+2 2000
cfi=(201)
cfn=(758)
calls=2000 251 
* 34000
* 2000
* 2000
-2 14000
+10 8000
+17 220000
cfi=(202)
cfn=(762)
calls=16000 199 
* 800318
* 32000
-86 2002
+2 7007
856 1959
+2 1959
-1 1959
+10 1959
-11 3918
1174 6993
+6 6000
-2 4995
+2 4000
+8 6000
+69 4000
+11 6000
855 2000
+1 2000
+7 2000
-7 4000
+3 8000
+2 41
+40 41
-44 41
+1 41
+3 41
+2 82
-7 41
+5 41
-5 41
+45 82
665 5877
+5 1959
-5 1959
cfi=(194)
cfn=(738)
calls=1959 29 
* 29385
-3 1959
-10 1959
+13 1959
+1 9795
+4 1959
-1 1959
+1 5877
+23 298
+4 149
+9 149
-13 447
+13 149
-9 149
-4 149
+5 149
-1 298
+1 149
+8 149
-7 298
-2 149
+2 149
-2 149
+2 149
+7 298
+22 441
+61 23490
-2 23490
+2 90060
675 23490
+2 46980
+7 149
+2 149
-1 149
-1 149
+4 149
-4 149
+1 149
-1 298
+6 596
cfi=(210)
cfn=(798)
calls=149 48 
* 11622
* 149
+18 4
+4 4
-2 2
+2 4
+16 2
-16 2
+16 4
+2 6
+6 2
+1 4
-1 2
+1 4
+8 2
-3 4
-6 2
+6 2
+3 4
-9 147
+1 294
-1 147
+1 294
+8 147
-3 294
-6 147
+6 147
+3 294
+34 298
cfi=(209)
cfn=(796)
calls=149 29 
* 2533
+3 447
+7 298
+2 3900
+4 9300
cfi=(197)
cfn=(746)
calls=1860 32 
* 59520
+1 1860
+3 3720
+1 3720
-4 1860
+3 1860
+1 9300
+9 1860
+1 1860
-1 1860
+4 5877
915 164
418 6000
1254 6000
991 776
-8 776
+8 1525
868 5877
fi=(199)
52 2371
fe=(191)
856 6000
+98 1959
+2 1959
835 1959
955 1959
-1 1959
+2 9795
+83 2000
1203 4000
808 5580
cfi=(209)
cfn=(796)
calls=1860 29 
* 31620
* 1860
-39 596
-23 298
+10 149
-3 149
+3 596
616 999
1174 999
+4 1998
cfi=(202)
cfn=(762)
calls=999 199 
* 49950
* 3996

fl=(139) ./resource/../sysdeps/unix/sysv/linux/getrlimit64.c
fn=(498) getrlimit
38 1
+1 7
+1 1

fl=(157)
fn=(584)
27 6
fi=(158) ./signal/../sysdeps/unix/sysv/linux/internal-signals.h
+26 2
fe=(157)
-26 4
+6 2
cfi=(159)
cfn=(588)
calls=2 +10 
* 122

fl=(89)
fn=(316)
54 5
+3 3
+7 2
+9 2
+2 2
+10 2
+8 2
+3 5

fl=(218) ./stdlib/./stdlib/cxa_finalize.c
fn=(834) __cxa_finalize
30 1
+3 2
-3 7
+3 4
+3 3
+4 6
+1 6
+2 1
+36 1
-3 1
-31 1
-2 1
+39 1
-3 2
+3 3
+1 3
cfi=(147)
cfn=(836)
calls=1 454 
* 532

fl=(144) ./nptl/../sysdeps/unix/sysv/linux/x86/elision-conf.c
fn=(516) __lll_elision_init
96 1
+5 1
-5 1
+5 1
-5 3
+5 3
cob=(1)
cfi=(11)
cfn=(28)
calls=1 408 
* 19
* 1
+2 4
cob=(1)
cfi=(11)
cfn=(28)
calls=1 408 
* 19
* 1
+2 4
cob=(1)
cfi=(11)
cfn=(28)
calls=1 408 
* 19
* 1
+2 4
cob=(1)
cfi=(11)
cfn=(28)
calls=1 408 
* 19
* 1
+2 4
cob=(1)
cfi=(11)
cfn=(28)
calls=1 408 
* 19
* 1
+4 3
+1 1
+1 6

fl=(171)
fn=(662)
30 1
+2 1
cfi=(172) ./setjmp/../sysdeps/x86_64/setjmp.S
cfn=(664) __sigsetjmp
calls=1 * 
* 26

fl=(215)
fn=(818)
80 3
+4 2
-7 2
+11 2
+91 1
+5 1
-2 1
-58 1
+66 3
-93 2
+11 4
+4 1
+3 2
-71 1
+1 7
+1 1
+84 3
+1 2

fl=(187)
fn=(720)
684 11000
+30 5000
+8 3001
+4 5000
+11 2000
+11 1000
fi=(234) ./stdio-common/./stdio-common/printf-parse.h
82 2000
fe=(187)
748 3000
fi=(234)
82 1000
cfi=(188)
cfn=(724)
calls=1000 -27 
* 18000
* 1000
fe=(187)
763 2000
fi=(234)
82 1000
fe=(187)
759 1000
+4 2000
+4 2000
fi=(206) ./stdio-common/../libio/libioP.h
940 1000
fe=(187)
239 1000
767 1000
fi=(206)
940 4000
+2 2000
+1 2000
fe=(187)
239 4000
cfi=(190)
cfn=(728)
calls=1000 1204 
* 4000
* 2000
127 9000
767 2000
+4 3000
+4 7000
-57 1000
+57 1000
-23 1000
-8 2000
+73 12000
1111 2000
+1 2000
+3 12000
-4 9000
817 6000
-7 2000
+7 2000
-11 2000
-1 2000
-2 2000
+14 2000
-13 2000
-2 2000
-3 2000
+18 4000
-19 2000
+9 2000
-10 2000
+20 2000
-21 2000
-1 2000
+22 2000
-6 4000
-89 1998
+41 4000
cfi=(189)
cfn=(726)
calls=1000 25 
* 12000
+1 13000
-1 2000
1112 2000
cfi=(189)
cfn=(794)
calls=1000 55 
* 8000
+2 1000
-79 4000
+3 72000
+20 4000
+34 2000
fi=(234)
82 2000
fe=(187)
1086 2000
+6 2000
fi=(234)
82 4000
cfi=(188)
cfn=(724)
calls=2000 -27 
* 36000
* 2000
fi=(206)
942 2000
+1 2000
fe=(187)
1096 2000
-4 2000
fi=(234)
82 2000
fe=(187)
239 2000
1096 2000
fi=(206)
942 4000
+1 4000
fe=(187)
239 8000
cfi=(190)
cfn=(728)
calls=2000 1204 
* 300003
* 4000
127 26000
1096 4000
+2 5000
-40 18000
+1 2000
351 2000
+1 2000
1059 2000
352 4000
-1 4000
1062 4000
127 8000
1067 4000
354 2000
cfi=(191)
cfn=(730)
calls=2000 1279 
* 3394737
* 2000

fl=(169)
fn=(640)
242 11
+69 3
+1 3
cfi=(162)
cfn=(600)
calls=1 70 
* 74
+25 6
+6 2
-3 2
+10 2
cob=(1)
cfi=(50)
cfn=(658)
calls=1 119 
* 4
cob=(1)
cfi=(142)
cfn=(510)
calls=1 76 
* 852
* 5
+2 2
+8 4
cfi=(170)
cfn=(660)
calls=1 29 
* 2074189690
128 2
+6 3
+1 6
cob=(2)
cfi=(52)
cfn=(642) 0x0000000000109000
calls=1 0 
* 11
+3 1
+1 2
+3 2
+1 2
-1 1
+2 7
+1 4
cob=(5)
cfi=(146)
cfn=(648)
calls=1 0 
* 12
-1 4

fl=(162)
fn=(600)
70 4
cfn=(602) __internal_atexit
calls=2 -34 
* 140

fn=(604) __new_exitfn
88 4
-6 8
+11 2
-10 2
+10 8
+2 4
+1 5
-1 4
-2 1
+10 1
-10 3
+13 2
+25 1
+1 2
-1 2
+7 1
+5 1
-4 1
+4 4
-5 1
+5 1
-4 1
+4 4
-18 1
-1 1
+12 1

fn=(602)
36 10
+5 4
+2 16
+1 4
cfn=(604)
calls=2 +44 
* 66
+2 4
+10 2
-3 2
+4 2
+1 2
-5 4
+2 2
+4 8
+1 2
+1 12

fl=(150)
fn=(556)
29 6
+1 1

fl=(141) ./nptl/./nptl/pthread_mutex_conf.c
fn=(502) __pthread_tunables_init
50 1
+1 2
-1 4
+1 3
cob=(1)
cfi=(11)
cfn=(28)
calls=1 408 
* 19
cob=(1)
cfi=(142)
cfn=(510)
calls=1 +25 
* 847
* 5
+2 4
cob=(1)
cfi=(11)
cfn=(28)
calls=1 408 
* 20
* 1
+2 6

fl=(172)
fn=(664)
32 1
+9 1
+1 2
+1 1
+4 1
+1 1
+1 1
+1 1
+1 1
+2 2
+2 1
+1 1
+3 2
+2 1
+23 1
cfi=(173)
cfn=(666)
calls=1 -56 
* 8

fl=(106)
fn=(360)
34 5
+1 2
+1 2
+1 3
+3 2
+4 3
+3 4
fi=(235) ./string/../sysdeps/x86_64/multiarch/memcmp.c
-18 2
fe=(106)

fl=(177) ./misc/../sysdeps/unix/sysv/linux/mmap64.c
fn=(684) mmap
47 1
+3 2
+8 4
+2 1

fl=(86)
fn=(310)
48 2
+1 1
-1 2
-1 2
+2 2
+3 2
+4 3
+3 3
+20 1

fl=(87)
fn=(318)
41 4
-1 2
+2 3
+3 2
+4 3
+3 3
fi=(90) ./wcsmbs/../sysdeps/x86_64/multiarch/wcslen.c
-23 1
fe=(87)

fn=(312)
41 4
-1 2
+2 3
+3 2
+4 3
+3 3
fi=(88) ./wcsmbs/../sysdeps/x86_64/multiarch/wcsnlen.c
-22 1
fe=(87)

fl=(98)
fn=(340)
38 10
-1 4
+2 6
+6 4
-3 4
+9 6
+3 8
fi=(236) ./wcsmbs/../sysdeps/x86_64/multiarch/wmemchr.c
-23 2
fe=(98)

fl=(107)
fn=(362)
36 10
+1 6
fi=(108) ./wcsmbs/../sysdeps/x86_64/multiarch/wmemset.c
-6 2
fe=(107)

fl=(208)
fn=(792)
26 6003
+1 1000

fl=(97)
fn=(338)
35 5
+1 3
+3 2
+4 3
+3 4
fi=(237) ./string/../sysdeps/x86_64/multiarch/stpncpy.c
-15 1
fe=(97)

fn=(386)
35 5
+1 3
+3 2
+4 3
+3 4
fi=(238) ./string/../sysdeps/x86_64/multiarch/strncpy.c
-17 1
fe=(97)

fl=(197)
fn=(746)
32 15737
+3 15737
+1 15737
+1 15737
+1 15737
+1 15737
+2 15737
+1 15737
+2 15737
+1 15737
+1 15737
+1 15737
+1 13728
+2 13728
+1 13728
+1 13728
+1 13728
+26 2009
+1 2009
+1 2009
+1 2009
+1 2009
+1 2009
+1 2009
+1 2009
+1 2009
+26 2009
+1 2009
+1 2009
+2 2009
+1 2009
+1 2009
+1 2009
+1 2009
+1 2009
+2 2009
+3 2009
-5 13728
+2 13728
+3 13728

fl=(137)
fn=(494)
33 6
+2 1
cfi=(138)
cfn=(496)
calls=1 -4 
* 16
+3 1
fi=(140) ./elf/../sysdeps/nptl/pthread_early_init.h
-5 2
fe=(137)
+8 1
-3 1
+3 1
fi=(140)
-8 1
cfi=(139)
cfn=(498)
calls=1 +5 
* 9
* 3
+1 1
+4 5
+7 1
fi=(239) ./elf/../nptl/nptl-stack.h
+13 3
fi=(140)
-13 1
fi=(239)
+13 2
fi=(140)
-4 1
fi=(239)
+4 3
fi=(140)
-6 1
-6 1
+6 6
+1 1
+4 1
cfi=(141)
cfn=(502)
calls=1 -7 
* 912
fe=(137)
-10 3
+2 2
-2 1
cfi=(144)
cfn=(516)
calls=1 +49 
* 136

fl=(148)
fn=(562) _int_malloc
1338 8
3766 32
1357 4
3766 4
1357 12
3807 8
+27 8
+63 8
+62 42
+1 9
+20 4
-1 4
-1 4
+1 8
+1 14
+4 3
+6 12
-6 1
+6 4
-90 1
+2 1
-2 1
+2 2
-61 3
4409 36
4179 8
+2 6
+3 3
-3 3
+3 6
+68 4
+1 4
+1 4
-1 4
+1 4
+1 8
+1 12
+5 8
3899 3
4140 8
4268 12
-3 21
4365 4
+1 8
+2 8
+3 14
+17 6
+17 16
cfn=(574) alloc_perturb
calls=4 1999 
* 16
* 8
-2 6
cfn=(564) sysmalloc
calls=2 2542 
* 334
* 2
+1 4
-28 2
-2 2
+2 2
-1 2
+1 2
-3 2
+8 2
-5 2
+2 2
-2 8
+2 2
+4 2

fn=(806) munmap_chunk
3038 1
+2 1
-1 1
+1 1
-1 1
+1 1
+2 2
+3 2
+7 1
-8 1
+9 1
-8 1
+1 1
+6 3
+1 4
+3 1
+1 3
+5 1
+1 1
-1 1
cfi=(211)
cfn=(808)
calls=1 117 
* 5

fn=(574)
1999 12
+2 4

fn=(550)
3619 1
+10 1
-10 4
+10 8
+8 2
+3 3
+2 2
+34 4
fi=(149)
162 2
fe=(148)
3652 1
+1 1
+21 2
-21 2
+21 1
cfn=(562)
calls=1 1338 
* 115
+2 2
+40 1
-12 1
+12 7
+11 1
+2 2
+2 2
fi=(149)
315 1
cfn=(554)
calls=1 -2 
* 1102
* 1
fe=(148)
3676 3
+3 2
+78 1
-25 2
+25 4
-25 1
cfi=(155)
cfn=(578)
calls=1 167 
* 8648
* 1
3235 4
cfn=(560) tcache_init.part.0
calls=1 -6 
* 461
* 1

fn=(804)
3350 2
-4 1
+14 1
-14 2
+12 1
+4 1
-4 1
+4 2
+4 3
+2 4
+7 2
cfn=(806)
calls=1 3038 
* 34
+13 1
+1 4

fn=(680)
3281 10
+7 4
1338 4
+19 10
3298 4
+2 8
+3 4
+10 4
+28 10
-36 3
+10 8
cfn=(562)
calls=2 1338 
* 346
+1 10
fi=(149)
162 2
fe=(148)

fn=(682) sysmalloc_mmap.constprop.0
2414 3
+13 3
+5 2
+3 9
cfi=(177)
cfn=(684)
calls=1 47 
* 8
* 1
+3 2
+4 2
+18 3
+19 1
-1 1
+5 1
-4 2
+4 2
+1 5
+3 3
+1 5
+5 5

ob=(4)
fl=(168)
fn=(630)
0 12

fl=(123)
fn=(432)
31 4
+1 2
fi=(124) ./math/../sysdeps/x86_64/fpu/multiarch/e_pow.c
-5 1
fe=(123)

fn=(462)
31 4
+1 2
fi=(129) ./math/../sysdeps/x86_64/fpu/multiarch/s_sincos.c
-6 1
fe=(123)

fn=(442)
31 4
+1 2
+3 1

fn=(448)
31 4
+1 2
fi=(127) ./math/../sysdeps/x86_64/fpu/multiarch/e_asin.c
-5 1
fe=(123)

fl=(179) ./math/../sysdeps/ieee754/flt-32/math_config.h
fn=(694) __expf_fma
67 10000000
fi=(180) ./math/../sysdeps/ieee754/flt-32/e_expf.c
-7 10000000
-11 20000000
+12 10000000
+1 20000000
+18 10000000
+10 10000000
+8 10000000
+4 10000000
-12 20000000
fe=(179)
-1 10000000
fi=(180)
+3 10000000
+5 10000000
+1 10000000
-1 10000000
-3 10000000
+6 10000000
-2 10000000
+2 10000000
+4 10000000
-3 10000000
+1 10000000
+1 10000000
+1 10000000
+1 20000000
fe=(179)

fl=(120)
fn=(458)
32 5
+1 2
fi=(122) ./math/../sysdeps/x86_64/fpu/multiarch/s_sin.c
-6 1
fe=(120)

fn=(454)
32 5
+1 2
fi=(128) ./math/../sysdeps/x86_64/fpu/multiarch/e_atan2.c
-7 1
fe=(120)

fn=(422)
32 5
+1 2
fi=(122)
+1 1
fe=(120)

fn=(438)
32 5
+1 2
fi=(125) ./math/../sysdeps/x86_64/fpu/multiarch/e_log.c
-6 1
fe=(120)

fn=(416)
32 5
+1 2
fi=(121) ./math/../sysdeps/x86_64/fpu/multiarch/e_exp.c
-6 1
fe=(120)

fl=(119)
fn=(444)
29 4
+1 3
fi=(240) ./math/../sysdeps/x86_64/fpu/multiarch/s_sinf.c
-4 1
fe=(119)

fn=(428)
29 4
+1 3
fi=(241) ./math/../sysdeps/x86_64/fpu/multiarch/s_sincosf.c
-4 1
fe=(119)

fn=(414)
29 4
+1 3
fi=(242) ./math/../sysdeps/x86_64/fpu/multiarch/s_cosf.c
-4 1
fe=(119)

fn=(430)
29 4
+1 4

fn=(452)
29 4

ob=(3)
fl=(148)
fn=(682)
2022 4

fn=(560)
3229 3
+9 8
+1 3
cfn=(562)
calls=1 1338 
* 346
* 1
+1 2
+8 4
+9 1
+1 2
-1 1
+1 86
+3 4

fn=(564)
2542 18
+20 8
+11 4
+1 4
-11 1
+37 1
+11 1
-10 3
+1 1
+9 4
+6 3
+3 3
2935 2
+1 1
+5 2
+3 2
+5 2
-2 1
+2 1
-1 1
+1 1
-3 1
+3 1
+1 1
-1 3
+1 1
+2 1
+6 22
2575 3
+4 3
+9 4
cfn=(682)
calls=1 2414 
* 62
+1 2
+92 2
+9 4
+13 3
+8 5
+8 2
+39 2
+2 3
+6 2
-45 4
cfi=(151)
cfn=(566)
calls=1 26 
* 53
+1 2
-1 1
+1 1
2022 1
2723 1
2022 4
2604 2
2769 4
+40 3
+22 2
+1 1
-1 1
+1 6
+2 2
+1 4
cfi=(151)
cfn=(566)
calls=1 26 
* 25
+12 3
-12 1
+12 1
2022 4
2891 4
-1 1
-1 1
+1 3
+1 1
+11 2
2759 2
2034 3

ob=(4)
fl=(119)
fn=(452)
30 3
fi=(243) ./math/../sysdeps/x86_64/fpu/multiarch/e_exp2f.c
-3 1
fe=(119)

fn=(426)
29 4
+1 3
fi=(244) ./math/../sysdeps/x86_64/fpu/multiarch/e_logf.c
-3 1
fe=(119)

fn=(420)
29 4
+1 3
fi=(245) ./math/../sysdeps/x86_64/fpu/multiarch/e_expf.c
-3 1
fe=(119)

fn=(436)
29 4
+1 3
fi=(246) ./math/../sysdeps/x86_64/fpu/multiarch/e_log2f.c
-3 1
fe=(119)

fl=(126)
fn=(446)
49 5

fl=(178)
fn=(690)
28 40000000
+2 10000000
-2 40000000
+2 10000000
+1 10000000
-1 10000000
+1 10000000
-1 40000000
+1 40000000
+8 30000000
+3 10000000
-3 10000000
+3 10000000
+2 49999995
cfi=(181) ./math/../sysdeps/ieee754/flt-32/s_sincosf.c
cfn=(700) __sincosf_fma
calls=9999999 * 
* 789940498
* 9999999
* 19999998
+8 40000000
+21 20000000
cfi=(179)
cfn=(694)
calls=10000000 -6 
* 290000000
* 10000000
+1 10000000
+1 10000000
-1 10000000
+1 30000000
+2 80000001
+72 90000000
49 1
-1 1
+1 1

fl=(181)
fn=(700)
44 9999999
fi=(179)
+23 9999999
fe=(181)
-23 9999999
+1 9999999
fi=(183) ./math/../sysdeps/ieee754/flt-32/s_sincosf.h
-6 39999996
fe=(181)
+11 19999998
+2 11
+2 22
fi=(182) ./math/../sysdeps/x86/fpu/sincosf_poly.h
+5 11
+1 11
+14 11
-10 11
-1 11
+11 11
-10 11
+12 11
-1 11
+3 11
+1 11
-52 11
+1 11
+1 11
+52 11
fi=(179)
-13 9999988
fe=(181)
-2 19999976
+12 19996180
fi=(183)
+3 9998090
-4 19996180
+4 9998090
-4 9998090
+4 9998090
-3 9998090
-1 9998090
fe=(181)
+4 9998090
fi=(183)
-3 9998090
+3 9998090
-4 9998090
+1 9998090
+4 19996180
+4 9998090
-4 9998090
+2 9998090
+2 9998090
+1 29994270
-2 9998090
+6 9998090
-6 9998090
+3 9998090
+2 29994270
+1 19996180
-1 9998090
fe=(181)
-4 9998090
fi=(183)
+6 9998090
fe=(181)
-6 9998090
fi=(183)
+8 9998090
fe=(181)
-8 19996180
-38 39992360
fi=(182)
+19 19996180
fe=(181)
+19 9998090
+5 9998090
fi=(182)
-27 39992360
-1 9998090
+4 9998090
+7 9999988
+2 9999988
-2 9999988
+4 19999976
+1 9999988
-52 9999988
+1 9999988
+1 9999988
fe=(181)
+75 9999988

ob=(3)
fl=(94)
fn=(328)
43 2
+1 1
-1 2
-1 2
+2 2
+3 2
+4 3
+3 3
+11 1

fl=(175)
fn=(670)
28 2
+2 2
+2 2
+2 2
+2 2
+2 2
+2 2
+2 2
+5 2
+2 2
+1 2
cfi=(176)
cfn=(672)
calls=2 +26 
* 38
+3 2
+2 2
+2 2
+2 2
+2 2
+2 2
+2 2
+2 2
+2 2

ob=(4)
fl=(181)
fn=(700)
fi=(183)
60 3796
+1 5694
+2 1898
fe=(181)
+8 1898
fi=(183)
-8 1898
fe=(181)
+8 1898
+3 7592
fi=(182)
-7 3796
fe=(181)
+4 1898
+5 1898
fi=(182)
-12 7592
-1 1898
+4 1898
fe=(181)

ob=(3)
fl=(193)
fn=(736)
35 2000
-2 4000
+4 6000
+1 10000
+9 4000
+9 2000
-9 2000
+9 4000
+4 2

ob=(4)
fl=(181)
fn=(700)
fi=(182)
67 19999952
fe=(181)

ob=(3)
fl=(193)
fn=(736)
62 1
+45 2
-4 1999
+4 1999
-4 1999
+4 1999

ob=(2)
fl=(52)
fn=(532)
0 5
cob=(5)
cfi=(146)
cfn=(536)
calls=1 0 
0 12823
0 2

fn=(832)
0 1
cob=(3)
cfi=(218)
cfn=(834)
calls=1 30 
0 575

fn=(624)
0 5
cob=(5)
cfi=(146)
cfn=(536)
calls=1 0 
0 4
0 2

fn=(642)
0 5
cob=(5)
cfi=(146)
cfn=(536)
calls=1 0 
0 4
0 2

fn=(776)
0 1
cob=(3)
cfi=(148)
cfn=(680)
calls=1 3281 
0 160

ob=(6)
fl=(163)
fn=(608)
0 12

totals: 2074377175
